842	2.2	7	188	1	20	756	2549	2	9	2	7	19	1
1021	0.5	53	136	0	905	1988	2631	3	17	6	3	7	2
563	0.5	41	145	2	1263	1716	2603	5	11	6	2	9	2
615	2.5	10	131	0	1216	1786	2769	6	16	9	8	11	2
1821	1.2	44	141	13	1208	1212	1411	2	8	14	2	15	1
1859	0.5	22	164	3	1004	1654	1067	1	17	7	1	10	1
1821	1.7	10	139	4	381	1018	3220	8	13	10	8	18	3
1954	0.5	24	187	0	512	1149	700	4	16	0	3	5	0
1445	0.5	53	174	0	386	836	1099	7	17	14	1	20	0
509	0.6	9	93	2	1137	1224	513	5	19	15	10	12	0
769	2.9	9	182	0	248	874	3946	5	5	1	2	7	3
1520	2.2	33	177	5	151	1005	3826	8	14	18	9	13	3
1815	2.8	33	159	2	607	748	1482	4	18	17	0	2	1
803	2.1	17	198	7	344	1440	2680	4	7	11	1	4	2
1866	0.5	52	185	13	356	563	373	1	14	17	9	3	0
775	1	46	159	3	862	1864	568	2	17	16	15	11	0
838	0.5	13	196	1	984	1850	3554	8	10	4	9	19	3
595	0.9	23	121	7	441	810	3752	3	10	17	2	18	3
1131	0.5	49	101	11	658	878	1835	5	19	18	13	16	1
682	0.5	19	121	4	902	1064	2337	4	11	11	1	18	1
772	1.1	39	81	12	1314	1854	2819	7	17	14	15	3	3
1709	2.1	13	156	1	974	1385	3283	2	17	2	1	15	3
1949	2.6	47	199	4	407	822	1433	4	11	7	5	20	1
1602	2.8	38	114	4	466	788	1037	3	8	20	7	20	0
503	1.2	8	111	5	201	1245	2583	3	11	13	0	12	1
961	1.4	57	114	0	291	1434	2782	8	18	3	9	7	2
519	1.6	51	132	7	550	645	3763	4	16	19	1	4	3
956	0.5	41	143	1	511	1075	3286	7	17	6	8	12	3
1453	1.6	52	96	12	187	1311	2373	2	10	18	1	10	2
851	0.5	21	200	3	1171	1263	478	5	12	7	7	10	0
1579	0.5	5	88	0	1358	1739	3532	7	17	9	11	12	3
1568	0.5	33	150	16	413	654	508	8	5	20	1	6	0
1319	0.9	41	107	3	85	1152	2227	1	18	18	5	3	1
1310	2.2	51	100	0	178	1919	3845	4	7	0	0	12	3
644	2.7	22	157	0	311	881	1262	8	12	3	1	15	0
725	1.3	60	160	16	1134	1249	1326	8	10	17	4	15	1
589	2.3	61	160	1	429	815	2113	4	13	10	7	2	1
1725	1.6	6	119	6	609	1307	3429	2	6	18	5	4	3
790	2	11	87	16	347	730	3169	6	6	17	1	2	2
560	0.5	50	159	15	1448	1613	2150	2	18	20	12	11	2
1347	2.9	44	132	5	434	967	2484	1	18	14	2	11	2
1646	2.3	41	185	8	1725	1932	3339	2	18	10	10	19	3
1253	0.5	5	152	5	685	714	1878	2	15	19	0	4	1
1656	1	34	166	5	880	1456	1629	3	15	7	12	14	1
1195	2.8	20	110	1	1580	1652	504	2	9	14	3	12	0
1514	2.9	27	118	0	186	1810	1152	3	8	1	3	20	1
1723	1.1	42	164	1	202	1791	3587	8	10	14	5	3	3
1054	1.8	40	196	3	27	774	2296	7	16	10	12	12	1
578	2.6	57	162	2	1025	1433	1270	8	15	8	3	5	0
596	2.1	64	111	9	885	1854	3238	8	16	15	13	10	3
1547	3	14	198	2	1042	1832	2059	3	5	19	0	15	2
1760	1.4	63	127	5	1382	1383	2053	8	19	19	12	16	2
1654	1.5	43	109	0	546	629	3112	2	12	0	5	10	3
1457	1.9	16	102	1	1013	1287	1440	3	17	10	8	12	1
1073	0.5	51	145	0	690	804	2908	7	6	0	0	18	2
1936	2.1	46	104	10	667	1036	2552	3	14	20	7	13	2
823	2.7	60	148	13	822	1449	905	8	14	19	11	17	0
987	1.3	61	107	0	581	820	3963	3	9	9	4	20	3
1757	0.5	49	180	8	265	713	2056	6	7	14	5	4	1
1063	1.4	48	128	2	127	683	2910	5	15	4	13	9	2
1484	3	12	134	3	916	969	1457	3	14	5	4	20	1
799	2.3	63	144	1	361	975	431	8	15	6	6	6	0
1156	1.2	50	159	0	322	547	470	2	7	0	0	15	0
1720	2	55	168	15	753	1353	2148	2	14	18	2	5	2
702	2.6	9	141	2	504	1570	2955	3	10	3	4	19	2
616	1.9	44	81	13	651	1618	3366	3	18	17	8	13	3
1358	0.5	36	155	11	1565	1858	3068	4	9	14	4	4	3
1866	1.4	30	182	0	108	1781	3834	3	16	0	11	8	3
1242	1.1	10	165	0	459	1225	1050	2	11	1	1	4	0
1166	1.5	43	80	0	205	603	3993	4	7	1	1	7	3
1448	0.5	45	138	6	570	1724	3378	7	13	11	11	2	3
1407	2.4	22	104	1	1172	1217	2192	4	9	4	7	13	2
605	1	9	142	8	160	1026	392	3	15	16	6	4	0
1038	1.2	43	141	3	4	638	3709	1	11	5	0	12	3
797	2.9	38	90	4	763	1413	590	4	9	6	2	6	0
819	0.6	42	188	8	339	1242	1814	6	5	20	4	13	1
1114	2.8	9	197	4	1040	1071	907	3	10	15	7	17	0
1234	1.6	33	172	1	166	778	1449	1	11	3	7	6	0
1199	2.5	16	116	15	1168	1552	3448	4	17	20	13	10	3
1103	1	29	111	6	990	1486	1837	6	8	8	7	16	1
1589	0.6	58	85	0	319	1206	3464	7	19	7	10	6	3
999	2.9	64	199	11	1397	1616	2593	4	14	19	11	16	2
1510	0.9	45	180	2	708	1752	3484	5	9	3	6	11	3
1008	0.8	61	114	11	1077	1122	2009	3	10	15	3	11	1
1127	2.9	57	163	5	928	1049	2048	1	11	13	5	17	1
1412	2.4	25	96	5	516	1894	837	8	15	17	9	4	1
1496	2	42	182	4	96	741	854	5	16	5	0	7	0
1083	2.9	64	178	1	1025	1118	3210	3	13	11	3	4	3
668	0.5	3	155	0	666	1203	2746	5	9	13	5	8	2
1309	1.1	33	100	0	557	1402	2334	4	10	14	1	11	2
1724	2	57	177	2	1605	1924	2822	3	19	5	3	16	3
1977	2	54	171	7	1226	1242	1971	7	18	18	7	14	2
885	2.3	15	103	0	769	802	1410	7	16	0	10	5	0
879	2.5	14	83	11	403	1105	349	6	16	15	10	2	0
1322	1.7	7	140	6	177	1990	1418	3	19	9	17	12	1
1137	1	7	196	18	942	1179	3616	3	13	19	5	12	3
1355	2.3	23	132	10	651	891	880	5	19	16	4	8	0
1665	0.5	60	194	3	1572	1684	1601	6	18	18	17	14	2
657	2.5	37	141	0	476	961	1412	2	14	1	3	18	0
593	0.5	31	156	6	1233	1317	1692	7	6	7	2	7	1
1883	0.5	10	146	3	836	1739	2600	6	16	13	8	20	3
1732	1.1	12	119	4	824	881	1308	8	16	9	7	11	1
543	0.5	57	192	0	391	984	2413	5	17	4	14	15	1
1939	2.8	55	199	0	320	520	1047	4	14	10	10	18	0
553	2.4	8	121	1	325	902	1204	7	11	3	4	8	0
832	0.7	39	103	2	125	1504	1799	4	5	3	2	11	1
1661	1.9	23	172	5	846	1634	2676	5	12	10	6	11	3
1657	2.4	42	198	3	1770	1796	2597	5	18	16	1	14	3
1135	2	46	83	0	293	1846	3029	1	19	4	17	9	3
1775	1.5	41	163	3	1633	1869	2343	1	19	7	13	14	3
783	1.8	43	106	0	1198	1471	2016	3	16	4	4	18	1
617	2.3	32	199	0	768	874	2213	7	18	20	13	7	1
867	1.4	4	135	0	70	1974	790	6	13	1	6	3	0
1310	1.1	7	194	13	117	513	3182	5	8	14	4	5	2
1804	0.5	22	153	9	1158	1244	3472	7	9	19	1	20	3
1900	2.3	18	89	1	1055	1661	2871	7	12	9	1	13	3
909	1.4	53	82	0	635	973	3187	8	12	0	9	4	2
1084	2.6	40	107	3	322	771	1945	3	15	11	4	10	1
1308	1.3	46	199	8	275	989	488	1	5	12	3	9	0
1778	0.5	15	102	0	1445	1954	1214	3	5	0	0	14	1
1701	1.6	10	194	3	550	1338	2598	8	12	7	9	6	2
772	2.4	10	80	1	1242	1712	3242	4	18	2	11	4	3
825	0.5	52	130	7	597	863	3534	3	10	10	4	6	3
1379	1.1	36	200	5	538	1376	3426	2	5	7	4	17	3
1166	2	25	198	3	59	1203	2488	5	13	4	5	15	2
1659	2.8	16	89	5	819	902	3255	1	19	20	14	9	3
826	2.4	58	88	0	179	786	2863	4	9	1	3	18	2
1564	2.3	25	189	4	1259	1965	1496	6	6	17	4	7	1
1957	0.9	31	181	11	396	1732	3801	3	12	16	0	7	3
1571	1.4	19	100	0	713	1398	666	6	12	1	10	13	0
1414	2	54	99	2	262	829	3799	7	17	3	7	7	3
1790	2.5	2	184	9	622	792	1366	1	7	14	0	20	1
645	0.5	41	197	1	327	580	2962	7	12	10	9	4	2
668	2.9	30	195	7	522	1056	2399	8	10	12	5	7	1
1652	1.1	36	89	1	313	1264	2338	4	12	5	8	20	2
1213	0.5	16	108	0	226	1248	2700	5	12	0	3	9	2
1272	2.5	22	133	0	605	669	2235	6	19	8	4	4	1
866	0.5	46	179	5	692	1686	3825	8	12	7	11	2	3
536	2.4	3	182	12	1386	1539	284	7	12	14	9	4	0
523	2.6	14	155	1	304	1042	1427	8	9	2	1	9	0
1753	0.5	31	134	0	1590	1926	1324	1	17	18	0	17	2
1218	1.8	14	147	1	229	616	398	3	17	4	0	5	0
1537	2.5	43	137	4	839	1131	3685	1	18	5	17	17	3
786	2.2	33	141	0	507	1697	2390	7	12	6	11	5	2
1678	2.1	64	134	3	436	536	278	3	19	11	0	10	0
1814	1.4	9	141	1	756	786	3556	2	18	2	12	16	3
1101	1.8	31	148	0	387	1269	2196	2	12	7	6	19	1
1461	2.4	40	141	3	1265	1298	3799	7	16	4	1	4	3
1216	3	47	199	4	1852	1967	2268	3	13	7	5	4	2
506	1.6	41	159	6	875	1025	2965	1	13	7	10	15	2
843	0.5	56	147	1	140	800	2341	5	10	17	1	20	1
742	2.2	56	190	4	577	1359	3557	7	16	14	11	12	3
1692	2.1	61	176	3	975	1996	1354	6	16	12	7	19	1
1485	1	32	84	2	510	1013	2147	2	19	9	1	11	2
1547	2.9	45	166	6	583	590	505	2	12	8	2	3	0
1692	2.3	46	139	4	674	1925	1394	1	16	6	10	6	1
637	2.3	60	97	3	1125	1989	374	4	18	4	4	8	0
1224	0.5	6	109	16	747	826	506	6	10	18	0	11	0
1356	2.8	29	198	0	1612	1983	3702	6	17	0	0	19	3
1840	0.5	34	142	12	311	1545	1078	1	8	16	0	10	1
1481	0.7	37	96	4	116	1533	2945	5	10	13	5	16	2
961	1.5	51	152	10	554	621	2981	6	15	16	6	7	2
1296	0.9	14	124	0	811	1272	490	5	7	3	1	4	0
1193	0.9	26	166	11	730	1729	536	1	17	20	14	4	0
1441	2.1	3	118	11	577	1071	2317	8	16	17	4	7	2
517	1.4	33	183	3	660	974	3704	4	17	8	16	11	3
748	1.7	27	150	0	450	1554	2126	8	18	4	9	7	1
1126	2.4	10	160	2	1223	1611	2050	6	7	3	6	12	2
1572	0.6	58	157	0	1109	1937	2462	7	12	8	8	10	3
1569	2.8	44	110	17	45	1942	1260	4	9	20	2	17	1
1270	0.6	32	101	2	299	845	3770	7	5	6	3	13	3
1854	3	8	101	2	506	627	1886	5	17	5	4	20	1
625	1.2	10	183	5	635	842	3323	4	9	8	1	7	2
1577	0.5	42	197	0	1045	1737	2060	5	19	4	6	12	2
534	0.5	16	189	0	393	1199	3926	5	16	1	12	20	3
946	1.7	25	143	8	650	1740	2177	6	7	15	5	13	2
685	0.5	29	93	2	433	648	728	7	14	10	8	4	0
1949	1.3	23	101	0	839	1136	2478	5	14	1	8	20	3
947	0.8	22	197	0	1176	1220	2842	2	16	13	12	2	2
801	2.2	63	165	2	650	879	1617	7	17	4	4	19	1
703	2.7	30	113	12	218	1065	1472	1	14	20	7	7	0
1165	2.4	41	178	11	564	831	764	6	19	12	12	15	0
1082	0.8	38	198	0	986	1191	2337	8	6	5	1	17	2
959	2.6	20	84	15	561	1631	3965	4	16	19	1	6	3
1502	1.2	54	138	0	65	588	3693	5	17	12	14	16	3
1380	2.1	4	92	1	420	500	797	3	13	13	2	15	0
1266	0.5	5	95	0	1365	1698	1687	6	11	9	0	18	2
1934	2.6	46	103	0	619	1299	2940	1	13	17	9	2	3
1905	0.5	6	151	3	849	898	1545	1	9	5	5	10	1
1831	1.4	43	150	2	611	1381	3834	5	17	5	7	13	3
596	1.4	46	165	8	953	984	2505	1	15	18	4	15	1
1562	1.3	7	190	1	642	1533	2243	5	12	15	10	6	2
1490	0.5	64	150	4	1417	1464	3600	8	17	8	9	7	3
1523	2.4	57	117	5	247	539	3971	2	18	6	12	10	3
640	0.6	20	163	0	710	1179	2844	4	7	15	5	18	2
1526	2.1	23	117	1	718	751	2227	7	18	8	10	3	2
1989	2.5	41	94	0	1100	1497	1665	3	17	13	9	12	2
1308	1.9	61	106	0	59	1215	3355	3	15	7	2	4	3
609	0.5	26	93	3	938	1948	1866	4	11	4	10	14	1
1905	0.6	36	119	9	825	1542	1287	3	13	20	4	16	1
1703	0.5	22	192	0	286	1235	1046	1	5	0	4	13	0
1445	2.4	20	173	7	1273	1345	1441	7	7	15	4	13	1
1087	1.3	16	166	0	295	589	690	3	14	9	6	6	0
671	0.9	30	105	10	852	1182	2504	7	6	17	4	15	2
1472	2.3	61	168	6	710	1052	2677	6	19	19	15	8	2
765	0.5	47	115	0	1277	1429	2243	8	11	1	7	4	2
1642	0.5	8	171	16	129	873	2984	6	13	17	4	17	2
1265	1.5	49	182	7	690	836	1362	5	5	16	0	12	1
664	1.1	51	110	1	701	1478	3629	7	19	4	15	6	3
1277	0.5	35	142	0	309	1460	3559	6	18	6	17	6	3
1395	1.8	23	111	0	213	705	2571	3	11	1	0	13	2
1539	2.6	41	159	0	1112	1666	2107	8	15	0	9	10	2
1049	2.2	63	135	9	199	1077	1022	5	11	17	3	13	0
1827	1.7	39	128	4	55	1020	2844	5	14	16	9	10	2
903	1	50	91	0	1230	1235	711	1	9	0	5	10	0
1987	0.5	53	181	3	1052	1516	3117	3	18	7	5	8	3
1154	1.2	49	181	0	541	1499	978	8	5	2	3	7	0
1336	0.9	17	194	5	55	583	1869	5	13	9	1	16	1
1886	0.5	24	112	0	809	1958	1179	3	16	1	7	20	1
1551	1.1	51	88	4	1738	1995	3844	5	11	6	8	4	3
850	1.6	29	133	6	404	642	593	5	19	19	17	10	0
660	0.5	40	111	5	262	1178	588	2	6	10	5	18	0
1225	2.1	13	116	8	759	1404	3836	4	12	12	11	11	3
1452	0.5	25	123	1	42	1040	2669	6	12	11	10	13	2
1686	2.8	38	166	3	397	1453	2958	4	14	4	11	2	3
1634	1.4	17	200	1	964	1677	3031	2	11	5	6	6	3
1708	2.4	49	109	18	233	517	3388	1	6	19	4	16	3
1151	2.9	31	128	0	1022	1560	2377	8	18	1	8	13	2
1578	1.9	37	138	2	411	1226	2458	4	19	19	16	3	2
1689	1.8	24	127	17	954	1200	2766	3	7	18	2	7	3
1488	0.5	39	112	1	1528	1647	3054	5	14	6	10	19	3
1313	1.8	9	105	4	416	1308	3791	1	11	6	10	6	3
1715	1	31	83	4	638	1615	625	8	17	17	6	13	0
1442	1	27	192	0	231	687	2227	3	6	19	5	20	1
528	1.7	6	142	12	574	637	3256	2	9	15	8	6	2
1523	1.8	11	129	6	148	1606	707	1	19	8	8	19	0
1133	1.4	42	199	3	730	1543	1457	5	18	12	12	20	1
1718	2.5	6	183	14	564	980	3755	5	7	16	1	8	3
1330	0.5	38	183	0	1290	1441	1733	7	9	1	0	11	1
1799	0.5	49	107	0	632	1383	720	4	12	2	2	11	0
633	2.2	49	139	0	529	1009	3560	8	11	1	1	16	2
724	2.7	44	187	0	1273	1754	2311	7	7	0	6	7	2
822	0.5	51	157	0	667	860	3846	6	10	20	1	3	3
1918	1.9	10	110	2	1170	1543	1717	5	7	10	1	16	2
1891	2.8	37	129	7	169	1108	3704	7	8	14	6	11	3
1373	1	50	127	2	105	673	3800	7	8	12	3	14	3
862	0.8	23	165	3	793	1758	278	2	16	15	3	11	0
1273	1	48	99	3	490	886	1767	4	18	15	15	11	1
957	2.5	7	107	4	1201	1485	1846	5	12	10	5	7	1
1617	1.3	30	105	3	246	1038	829	2	9	4	0	10	0
893	2.5	55	183	0	417	946	2986	2	7	1	1	6	2
1210	0.5	63	93	0	1177	1462	2394	5	17	0	9	7	2
708	2.7	63	195	0	78	654	2169	8	6	7	5	7	1
835	1.1	7	101	2	323	1604	1181	4	13	7	5	15	0
1450	2.7	19	131	9	707	1882	575	1	15	17	9	12	0
973	1.5	57	190	5	457	1816	2977	7	6	16	4	2	2
601	1.4	4	154	4	356	765	532	4	12	13	8	10	0
507	0.5	32	141	1	936	1398	1702	7	17	11	0	5	1
564	1.8	51	168	0	912	1980	1074	3	14	1	8	15	0
1559	1.6	6	162	6	179	1559	3352	6	9	17	1	3	3
754	0.5	59	178	7	1914	1928	1027	7	6	10	3	5	1
728	2.7	25	88	0	526	1529	2039	4	5	1	1	12	1
1431	0.5	56	191	0	156	952	461	1	7	1	3	8	0
767	1.5	28	175	4	344	1517	527	4	10	10	0	15	0
1722	2.6	18	177	8	865	1741	3271	2	14	16	0	15	3
1992	1.6	57	100	5	1552	1596	606	2	9	15	3	4	1
1876	0.5	40	86	10	546	1564	2513	6	10	14	8	16	3
1054	1.1	38	136	10	1097	1222	1675	6	18	12	4	14	1
1283	1.6	47	93	4	372	692	2698	5	9	5	6	17	2
1281	2.3	28	148	0	1285	1617	1129	1	12	6	1	6	1
1066	0.6	7	114	2	1242	1571	468	7	19	18	13	6	0
730	2.1	4	89	0	302	1247	1210	8	19	2	15	4	0
1053	0.8	45	103	7	594	1767	3086	1	17	12	6	5	3
1611	0.5	3	98	11	303	714	1595	3	8	14	4	9	1
793	1	30	133	5	1858	1935	2332	2	17	15	13	14	2
1220	2.9	62	125	3	403	1933	2589	4	19	8	11	15	2
1662	0.5	61	126	0	32	1509	3760	4	9	13	5	13	3
1281	2.8	8	144	3	590	954	1851	4	8	19	2	9	1
538	0.8	2	177	12	235	662	417	7	8	13	4	9	0
823	0.5	39	187	0	630	888	294	8	13	4	9	11	0
1733	2.8	36	119	3	357	527	3576	6	17	20	16	9	3
1429	1.5	40	100	0	246	820	3945	3	11	14	7	18	3
1839	1.2	54	200	9	475	1493	927	7	19	11	10	18	1
659	2.7	6	110	6	1054	1929	2044	3	15	7	5	2	1
1953	2.1	56	158	7	555	764	2334	8	11	9	5	4	2
1172	1.9	27	164	0	607	1092	1477	1	12	3	0	6	1
612	1.9	16	102	6	1360	1891	3161	7	8	7	4	3	3
1563	2.4	24	170	0	142	1699	3660	8	7	0	5	5	3
1191	1.3	26	84	16	681	683	1604	1	14	20	3	9	1
615	0.5	42	163	0	104	1664	2211	6	7	4	4	18	1
1893	2.1	63	134	8	637	763	3822	2	14	11	3	18	3
1563	1.7	16	151	10	410	572	3922	7	11	13	1	8	3
1995	1.9	9	139	6	1830	1963	1203	6	14	18	12	18	2
1517	0.5	48	143	6	802	1489	2822	5	15	14	5	11	3
832	1.6	34	108	1	311	1294	447	5	15	5	13	12	0
1162	2	56	114	0	56	997	1652	7	5	1	0	20	1
1595	2.6	12	121	7	344	655	3608	8	15	19	1	16	3
1329	1	52	181	1	1053	1458	1228	6	8	2	6	6	1
928	0.5	56	80	11	221	1243	666	8	19	13	10	5	0
1656	0.5	38	105	8	506	519	1499	7	12	17	8	19	1
1937	1.7	58	189	17	1728	1767	3321	1	5	19	4	14	3
977	1.1	57	181	2	63	566	1206	6	7	7	1	8	0
768	0.9	56	113	16	418	515	952	1	19	20	3	16	0
1464	0.5	12	117	11	854	1168	3927	2	5	14	3	15	3
1177	0.9	29	191	1	178	882	311	2	18	8	5	19	0
1348	2	52	98	18	1869	1942	955	3	18	20	11	7	1
1956	2.2	37	87	0	185	776	1109	3	13	2	1	19	1
1751	0.5	8	178	6	170	564	2969	6	8	20	6	17	2
1530	2	42	177	11	454	1975	725	6	11	13	10	19	0
1997	1.8	40	185	1	866	1212	1655	4	7	8	6	15	2
1414	1.5	44	180	5	44	1118	3490	2	16	6	12	13	3
1707	1.4	41	80	0	1331	1388	1774	7	12	2	0	10	2
894	0.5	50	199	1	1285	1462	3615	3	13	14	0	6	3
645	1.2	41	184	6	741	1130	714	8	18	17	2	13	0
1163	2.8	49	155	0	520	754	2768	2	19	0	2	12	2
1126	0.7	49	165	3	114	1726	3739	8	14	17	1	13	3
1648	0.7	64	170	6	1153	1876	610	4	8	9	1	6	1
1170	0.9	14	199	6	474	709	715	2	18	13	5	20	0
508	0.8	42	94	7	39	557	663	1	13	8	12	7	0
1097	2.1	64	161	6	419	1914	1725	3	14	8	5	9	1
728	1.7	5	101	0	584	775	834	2	16	20	0	5	0
1980	0.5	29	177	2	312	1910	3865	1	12	13	10	18	3
1504	2.3	64	182	1	19	1923	3059	1	6	2	5	10	3
1379	2.1	63	83	14	207	1370	651	1	9	17	6	7	0
1698	2.1	18	160	5	363	994	796	6	13	20	3	14	0
920	2.1	25	115	5	209	1078	785	7	10	14	7	5	0
1144	1.5	21	189	0	159	724	3252	1	16	11	0	8	2
1995	0.5	26	129	6	649	1104	1322	1	15	15	11	7	1
1430	0.5	27	183	1	1132	1182	2832	1	7	16	1	15	2
972	0.5	13	193	5	1392	1795	1615	5	11	8	6	13	1
662	0.5	20	138	5	1001	1224	2125	1	17	10	15	15	1
1867	2.3	9	191	0	712	1442	990	6	6	3	1	2	1
1730	2	20	143	0	418	1023	1595	4	14	10	0	12	1
1723	1	7	126	1	384	1361	1213	3	5	17	0	16	1
1882	1.3	47	140	8	119	652	2500	2	17	13	1	11	2
803	0.8	18	106	0	627	935	2801	4	18	1	15	12	2
580	1.2	47	91	0	1086	1345	3451	3	15	1	1	11	3
668	2.3	48	114	2	195	1292	1201	1	14	19	12	4	0
1391	1.4	36	182	2	14	1256	3139	1	14	6	7	14	2
1560	2.3	22	169	0	745	1364	1938	7	15	1	11	16	2
821	1.8	54	109	5	253	1786	3185	3	8	9	4	15	2
811	2.4	2	106	5	333	1429	2111	6	18	13	7	2	1
1989	2.9	17	193	8	629	682	2369	8	7	15	0	18	2
1034	2.7	37	120	6	707	1199	3625	7	17	20	1	12	3
618	2.1	6	86	2	1314	1688	1051	1	13	4	10	15	0
654	1.3	52	196	0	1715	1898	1036	4	17	4	4	13	1
576	2.8	10	184	2	513	1438	2938	5	6	7	0	5	2
667	0.6	3	185	6	13	1463	2855	6	5	13	0	19	2
869	1	57	118	7	1243	1584	2727	1	13	15	3	8	2
635	0.5	42	149	2	300	1059	2973	3	12	4	5	18	2
609	3	44	117	15	58	1253	2581	1	15	16	11	15	1
1557	2.8	2	123	16	1107	1442	2690	5	18	20	16	9	3
1604	1.7	33	191	2	134	939	916	8	13	5	10	12	0
1182	0.5	8	138	7	275	986	2563	8	19	16	17	19	2
848	2.1	19	148	10	176	1029	3359	7	10	18	0	14	2
1610	2.9	64	181	7	1236	1280	941	4	8	12	4	9	1
1828	2.1	17	199	0	336	898	2280	1	17	1	14	4	2
880	2	50	194	1	1116	1381	827	7	15	3	9	6	0
1394	0.9	62	175	10	1010	1565	473	5	11	13	1	20	0
1960	2.3	61	86	1	205	1299	3865	7	10	3	7	11	3
809	0.8	21	91	10	1453	1726	1274	7	18	19	7	3	1
899	0.5	57	172	13	788	1331	364	2	11	18	1	7	0
1976	0.7	32	171	4	1301	1922	3699	2	17	7	11	13	3
879	1.5	21	187	0	463	1038	2927	4	14	2	13	11	2
916	2.6	36	195	0	188	992	1470	4	13	12	0	14	0
763	1.7	2	92	8	1028	1186	1050	8	6	14	4	8	0
508	1.6	9	162	0	1419	1920	2616	6	18	2	8	10	2
825	2.9	34	99	0	1471	1866	2915	8	8	17	2	10	3
1864	1.4	46	178	8	168	981	2686	1	11	12	7	18	2
1725	0.5	52	185	8	1125	1195	1243	6	19	12	18	5	1
1108	2.9	52	183	10	130	1706	3264	2	16	12	1	13	3
1011	1.1	36	131	4	481	749	2261	7	7	18	6	16	1
1703	1.5	55	138	17	1411	1711	2993	5	5	19	1	20	3
1067	1.7	58	135	0	79	681	706	7	12	0	9	16	0
1334	2.4	42	115	5	1187	1974	2542	5	10	14	1	8	3
775	2.6	30	189	0	561	1510	2523	7	17	10	16	9	2
1899	0.6	26	151	0	96	814	336	2	13	0	11	4	0
930	1.3	14	97	1	77	1025	2457	6	11	10	7	17	1
1058	1.5	19	166	2	493	1247	418	4	9	14	7	16	0
1187	2.2	46	145	0	1173	1814	3917	2	13	9	11	8	3
1874	2.7	8	166	10	964	1233	1246	7	8	13	1	2	1
1482	0.5	48	142	2	634	642	2971	7	12	10	8	12	2
1809	1.7	59	174	3	639	721	2324	3	10	4	6	16	2
864	3	54	187	0	127	1670	3121	2	18	1	2	16	2
625	1.9	33	191	12	431	550	3801	1	10	20	6	2	2
1880	1.8	18	138	4	71	699	3333	3	17	5	15	7	3
1138	1.4	44	187	12	111	1138	3475	8	19	17	3	3	3
560	0.5	23	146	14	356	1903	2360	8	17	15	16	18	1
1117	0.5	12	144	1	798	817	2895	7	7	8	6	16	2
1712	1.4	63	137	1	747	1126	3652	7	16	12	1	19	3
1836	1.7	26	134	3	408	1139	3097	6	5	16	0	18	3
1036	2.4	39	119	0	373	926	2101	7	10	3	7	2	1
1860	2.3	23	162	15	1362	1506	3918	4	9	16	2	8	3
1375	1.1	9	145	3	475	726	3869	7	19	19	18	10	3
1945	1.6	57	195	0	743	1753	732	4	14	1	1	14	1
1896	0.5	7	141	8	447	794	3684	2	9	13	7	18	3
788	2.5	57	91	4	42	1161	3969	8	12	12	8	6	3
880	1.7	33	173	0	30	1350	1414	2	12	2	1	7	0
1323	2.5	28	131	10	162	619	1892	4	10	12	0	15	1
1868	2	42	169	0	347	660	3131	1	8	4	3	7	3
1266	1.9	7	184	0	346	1468	2532	3	10	12	5	4	2
1042	2.7	50	93	16	727	1705	3215	7	18	18	0	20	3
1479	0.5	19	156	8	180	1476	3323	3	13	10	12	6	3
1476	1.2	55	171	0	1641	1666	1529	4	13	5	8	3	2
1552	2.2	13	123	6	269	1026	2403	6	9	9	2	9	2
1454	0.5	34	83	1	250	1033	3419	4	7	3	5	5	3
1007	2	45	95	0	1186	1529	3648	5	9	2	0	16	3
652	2.4	17	173	9	77	559	1974	5	12	11	10	12	0
1504	1.5	34	142	12	507	973	2806	8	7	15	2	7	2
1726	0.9	51	193	2	379	1223	2239	4	13	3	9	13	2
1029	1.9	5	171	5	264	956	582	5	15	8	7	4	0
1582	2.8	44	112	2	1486	1797	3890	6	17	13	10	10	3
1478	0.8	48	99	12	694	882	1141	5	5	17	2	6	1
1178	1.3	49	101	0	579	596	2511	5	6	0	3	17	2
707	2.1	25	131	2	495	574	3838	3	9	17	2	7	3
755	2.8	51	186	5	315	990	2734	4	10	12	1	16	2
912	2	54	161	1	329	1053	2330	8	19	5	5	20	1
651	0.8	63	176	2	548	858	2244	5	14	4	9	19	1
1483	2.1	54	176	1	531	758	1851	7	15	2	13	2	1
914	0.9	4	100	2	191	1495	808	2	11	12	7	5	0
1456	0.5	7	105	7	823	1104	1587	5	6	12	5	20	1
1178	2.2	57	84	6	96	1352	2492	3	16	17	14	10	2
1503	0.7	43	166	10	841	1304	2122	4	15	14	1	2	2
1681	2.5	11	158	2	195	1205	1122	2	12	13	6	16	0
715	2.3	48	160	4	21	562	3709	4	14	6	2	10	2
1876	2.8	56	182	3	235	585	3021	3	12	4	2	18	2
1190	2.2	47	186	9	1417	1441	624	6	9	10	3	19	0
1755	1.3	24	134	0	286	1075	3937	7	8	2	1	7	3
1197	1.3	20	149	3	649	1629	1797	6	19	7	5	4	1
1048	0.9	28	194	10	966	1975	1458	2	5	19	1	15	1
1887	3	17	126	6	1172	1798	3348	8	18	7	16	16	3
1772	0.5	64	116	3	270	545	1834	8	5	15	2	20	1
1421	2.8	57	165	0	781	1657	2775	1	13	2	8	14	3
1464	0.5	17	153	0	418	1341	1277	6	13	8	6	19	1
728	2.3	23	111	4	126	817	457	4	17	5	10	16	0
954	0.5	50	134	0	228	1058	438	2	17	11	0	2	0
685	0.5	13	82	8	1091	1203	3210	7	15	15	7	2	3
1472	2.8	36	130	1	1452	1744	985	6	12	10	11	7	1
853	2	3	200	10	674	740	3701	2	15	16	8	8	3
1469	2.1	8	123	0	398	1133	1052	7	8	0	1	3	0
1310	2.3	57	135	6	449	889	1175	8	16	9	0	8	0
1654	1.8	11	146	1	1184	1719	1070	7	8	2	1	14	1
902	0.7	3	134	3	675	1285	3411	7	12	9	11	15	3
1448	1.4	26	156	13	1792	1850	1175	3	12	16	9	6	1
1631	0.9	3	198	2	177	1905	301	7	13	12	5	13	0
1608	1.8	28	183	7	1013	1158	489	2	15	13	11	8	0
1991	2.7	64	145	5	1058	1325	1733	2	5	13	3	8	2
1349	2	62	114	15	592	772	2756	5	11	16	3	4	2
1589	2.5	51	195	5	810	1743	2612	1	8	18	2	16	2
1844	2.3	51	158	1	533	882	1724	8	5	3	1	14	1
712	0.5	35	84	3	558	1208	2190	2	16	10	12	4	1
972	1.7	54	107	0	681	1050	1900	3	16	4	8	19	1
1406	0.5	34	98	2	1017	1366	3915	3	9	5	8	2	3
1289	0.9	25	178	10	765	899	1043	6	6	12	2	11	0
932	1.3	64	154	1	1176	1224	3817	7	8	2	7	9	3
1747	0.9	48	94	6	947	1131	2362	3	17	19	2	19	2
1172	2.1	41	95	4	1314	1884	1107	3	7	7	3	5	1
1128	1.4	53	84	12	609	1370	2982	5	14	14	9	12	3
664	1.2	28	106	0	754	1497	2042	5	17	5	15	19	1
513	0.5	44	186	6	619	867	1343	4	5	12	1	9	0
1742	2.3	43	170	9	453	681	2610	7	12	12	3	10	2
1512	1.7	6	162	12	205	884	2335	7	15	17	7	7	2
1986	0.5	51	165	3	282	1358	1614	8	17	20	12	3	1
965	1.5	13	109	5	130	998	1138	2	9	14	8	10	0
1067	2.4	40	122	3	494	1989	604	8	16	15	14	11	0
1583	1.6	42	118	5	275	862	3652	3	14	10	10	9	3
1653	0.5	37	176	2	447	1785	3955	4	19	6	4	18	3
1433	1.6	4	133	7	281	799	258	8	11	11	9	4	0
765	2.9	18	153	0	6	793	1066	7	11	0	1	16	0
1845	0.5	61	96	10	292	695	1731	1	9	12	5	6	1
752	0.5	48	87	1	164	728	3860	7	7	13	5	16	3
1948	2.8	16	100	8	631	1940	3630	5	9	10	7	17	3
1077	2.5	45	174	0	897	1304	1965	3	6	4	2	6	1
932	0.5	60	104	1	268	1078	1459	4	6	2	1	19	0
1968	0.9	22	115	0	861	1259	2323	3	9	7	8	7	2
1122	1.2	2	120	9	331	790	3291	4	11	14	2	13	2
1588	0.5	61	159	0	1064	1594	3272	1	18	13	0	17	3
601	2.1	26	101	4	509	548	918	4	9	18	1	12	0
1615	0.5	15	132	14	622	1256	3488	4	16	16	2	3	3
1589	2.2	58	128	2	957	1911	3961	4	16	4	14	14	3
1417	2.7	56	114	2	494	1649	590	6	11	4	3	6	0
1697	0.7	34	95	1	236	1264	3701	1	15	3	9	8	3
1330	1.3	3	83	14	980	1262	463	5	14	17	6	11	0
1476	0.5	43	148	0	1789	1972	3644	2	15	2	10	6	3
1579	1.5	27	142	0	831	1484	1713	6	16	18	4	10	1
1277	3	41	200	0	902	1090	429	4	9	3	4	14	0
1089	0.9	2	145	12	636	1259	2765	5	13	15	12	10	2
1663	2.5	27	169	13	831	1439	2084	4	7	14	1	18	2
1949	1.8	20	186	0	518	592	1125	5	17	4	10	9	1
1138	1.1	48	109	5	233	1777	2048	3	6	14	0	18	2
685	2.7	17	174	7	725	870	1223	6	8	20	0	18	0
1889	2.8	31	132	5	170	1106	3672	1	5	10	1	3	3
857	2	17	195	3	157	948	3100	7	17	9	5	13	2
1902	2.8	50	124	6	1142	1393	343	8	11	9	8	18	0
1225	2.4	15	155	0	840	982	1970	5	16	0	8	15	1
1066	1.6	39	131	5	401	1586	2728	5	6	17	0	17	2
1554	0.5	5	124	11	395	1579	3635	3	7	12	4	18	3
1337	0.5	31	186	13	48	644	2180	2	7	20	4	16	1
1926	1.7	33	172	1	982	1157	2488	3	6	2	1	14	2
869	1.3	34	104	3	478	539	3864	2	13	4	3	11	3
1278	0.5	54	104	1	581	750	1155	8	7	16	1	20	0
1773	2.5	32	170	16	1215	1472	3566	6	17	18	6	13	3
1661	0.8	6	109	1	594	1337	864	7	9	2	8	2	1
1438	2.2	32	176	0	683	1663	869	7	19	6	13	9	0
1661	1.4	29	119	0	536	861	591	2	9	0	2	9	0
1846	0.6	19	159	1	83	773	1333	1	15	2	6	11	1
1260	2	23	123	2	905	1313	2208	7	12	10	11	10	2
512	0.5	15	83	7	249	1849	2610	3	18	15	14	15	2
581	2.2	59	185	0	803	1613	2819	5	19	6	17	9	2
1872	2.3	44	134	6	459	1259	1955	3	9	15	4	15	2
687	1.3	50	151	9	584	1151	3416	4	14	20	6	8	3
1062	2.5	10	160	6	1596	1807	3803	1	7	13	3	16	3
1678	2.3	7	192	11	418	1763	574	1	5	14	3	19	0
1417	0.5	45	166	10	364	1029	2129	4	13	19	9	12	1
1074	2.4	9	103	2	946	952	1948	6	13	14	1	18	1
1832	0.7	2	90	2	186	654	2978	7	18	6	7	18	2
1039	1.3	12	200	0	1428	1827	1619	8	7	0	1	10	1
1059	2.4	61	134	8	1613	1916	3716	3	15	18	13	11	3
1606	1.4	57	154	3	1127	1924	3454	4	13	4	8	20	3
1928	1.8	19	187	9	691	1580	3777	3	7	20	2	13	3
1875	0.5	55	91	11	1802	1942	2712	1	7	17	2	6	3
1128	1.1	46	135	9	751	1582	1434	8	5	10	0	11	1
1748	1.7	14	146	6	859	1234	3968	3	16	7	12	3	3
1413	0.5	51	117	5	187	517	3383	5	16	11	5	2	3
825	0.5	23	86	0	206	1917	3278	2	8	0	6	2	3
1589	1.4	26	100	3	1673	1759	3970	8	16	16	8	18	3
535	0.5	54	145	8	710	939	2674	8	14	15	8	10	2
1780	0.5	27	190	6	1331	1463	2776	4	19	11	17	14	3
1671	0.6	61	129	7	263	848	2336	2	10	11	4	7	2
1821	0.9	12	114	9	97	1803	2430	1	7	18	4	6	2
1076	2.6	38	119	3	129	915	891	6	18	8	3	9	0
532	0.8	8	193	3	1213	1354	728	5	13	10	5	8	0
777	2.6	30	148	3	189	1143	3886	5	14	17	10	7	3
1217	0.5	17	182	3	628	632	1711	4	7	13	3	9	1
1656	1.6	16	117	0	320	899	2856	7	14	2	3	20	2
1185	1.9	31	152	0	837	1642	2447	8	16	7	2	3	2
577	2.4	37	161	8	1087	1450	814	6	11	20	7	19	0
737	2.4	49	193	7	781	1463	2951	4	7	16	0	10	2
704	2.2	53	186	4	251	1013	3653	6	7	6	1	15	2
525	0.5	51	137	5	262	1587	1891	8	18	11	3	12	1
504	0.5	16	166	5	767	1665	701	1	17	9	15	15	0
793	1.2	38	176	1	1226	1815	3139	4	6	7	1	12	3
569	0.6	39	184	2	389	739	2811	8	7	9	6	7	1
1590	1.9	21	160	3	920	963	1701	5	11	18	4	4	1
707	0.5	16	194	0	1027	1508	1853	2	17	0	14	12	1
767	1.9	19	185	16	271	1000	2445	6	6	17	1	6	1
1350	0.5	50	181	0	369	544	2287	8	15	4	1	8	1
1117	0.6	31	146	0	1258	1627	2003	2	8	7	7	14	2
641	1.1	7	192	0	417	759	3595	1	7	3	5	19	2
1002	0.8	35	83	0	1345	1416	1726	2	16	4	5	19	1
1408	2.1	45	89	10	613	1088	3952	5	8	14	6	3	3
1900	2	41	190	1	912	1596	850	8	5	6	1	4	1
726	2.9	43	101	0	666	760	1446	8	17	0	2	8	0
1544	2.3	45	113	12	236	857	1300	8	8	20	7	18	1
1454	1.6	21	160	6	186	1100	719	4	14	10	10	10	0
1230	2.2	26	123	6	416	676	988	5	11	7	5	9	0
1552	1.2	53	180	10	430	658	2606	8	13	18	6	12	2
1519	2.1	32	200	0	168	1239	2912	1	11	10	10	15	2
723	1.9	30	102	4	1467	1901	2339	1	19	7	9	17	2
1191	2.4	13	169	2	179	1813	1028	1	14	7	6	8	0
1168	1.3	61	90	9	159	1578	3173	8	9	10	4	17	3
1229	0.5	14	191	15	120	1878	1667	2	17	16	6	17	1
1758	0.5	13	190	11	762	1864	1897	8	6	14	2	15	2
1290	0.5	3	143	0	600	1109	1214	6	9	4	8	15	1
574	2.8	38	90	16	286	1171	3269	6	8	17	7	10	2
1271	0.5	32	113	12	1350	1949	445	7	15	15	14	14	0
1170	1.2	30	83	4	27	1722	1073	8	6	15	4	8	0
1269	1.3	52	118	14	1597	1920	665	2	18	15	5	5	1
1288	2.8	50	121	15	1177	1809	3129	2	17	20	6	2	3
1366	0.7	34	150	0	402	964	3501	2	13	9	11	3	3
1572	0.8	8	169	7	577	1237	3461	5	6	8	3	10	3
1627	0.9	32	180	9	52	1082	3206	6	12	16	6	16	3
1701	0.5	46	115	13	364	828	3717	2	11	15	0	10	3
1900	0.5	55	171	0	934	1241	3917	1	15	1	5	18	3
1974	1	24	80	4	250	545	861	7	7	13	4	6	0
1197	0.5	20	129	9	214	1710	2885	5	19	10	7	14	2
587	2.3	6	170	4	612	1793	2777	1	9	16	2	14	2
934	1.1	24	112	7	1111	1463	1017	5	12	12	7	9	0
1195	2	23	82	1	163	1100	980	4	13	9	9	17	0
1853	1	23	92	2	202	1951	2775	1	14	15	4	17	3
1164	1	19	95	4	729	1704	3309	8	15	18	3	3	3
1512	0.5	18	88	8	1079	1897	3607	3	12	17	10	6	3
1232	2.9	24	169	1	361	809	1257	5	16	17	10	16	0
1813	0.6	5	198	0	338	1306	759	3	9	8	3	14	0
946	2.6	5	166	17	1698	1771	3720	3	15	20	7	4	3
739	2.3	58	88	2	1052	1536	475	3	7	4	6	6	0
704	2.7	29	80	8	1108	1509	1122	1	9	10	3	10	0
1663	0.5	40	147	0	951	1545	1336	4	8	15	5	15	1
1966	1.4	40	185	2	1197	1987	1185	8	11	18	2	20	2
1219	1	17	196	0	473	1022	705	5	11	4	3	6	0
612	0.7	35	181	6	1294	1337	3169	5	14	12	9	6	2
1658	1.4	39	182	0	410	522	3483	1	10	5	1	15	3
1263	0.5	64	175	12	178	1883	1183	5	14	18	3	17	1
1395	2.8	55	118	0	782	1787	3373	3	11	1	2	16	3
621	2.7	54	151	0	434	910	2801	4	6	20	1	5	2
652	0.5	58	142	1	464	781	565	3	18	2	12	9	0
1175	0.6	25	145	10	137	1501	3153	2	9	12	4	12	2
561	1	11	163	0	492	1176	3421	8	16	10	2	5	2
1137	2.2	3	173	6	1250	1285	316	5	15	7	14	17	0
1835	2.3	11	193	4	385	583	448	7	18	13	17	14	0
1170	2.9	40	169	2	427	684	2366	6	16	5	8	2	1
1595	0.8	44	85	0	1024	1838	3881	4	14	20	10	9	3
1719	2	12	122	0	240	904	462	8	6	7	3	5	0
1770	2.3	7	128	0	886	1552	1480	7	6	6	1	17	1
1312	0.5	28	163	0	1233	1854	1087	2	17	0	16	14	1
1878	1.5	56	139	5	183	559	2711	5	8	13	2	3	2
1871	2	20	81	7	88	1682	2144	7	13	14	12	12	2
922	1.5	35	188	1	1016	1383	1165	7	19	15	6	4	0
1975	1.5	16	128	6	80	655	2998	8	5	11	4	13	2
1212	2.6	46	102	1	611	1715	2249	4	14	8	3	4	2
1430	0.9	56	179	3	569	906	752	3	17	5	8	17	0
1958	1.9	4	190	0	304	637	1409	2	16	3	5	3	1
1836	2.1	30	184	0	276	1230	3072	7	7	15	3	5	3
557	1.6	24	125	0	1131	1315	1305	3	12	0	8	3	0
539	0.6	21	145	9	551	599	3597	7	14	14	5	9	2
880	0.5	44	172	1	436	1302	3132	8	8	15	7	6	2
1369	1.8	34	162	6	553	727	3856	1	18	7	4	18	3
1109	2.7	39	98	1	1391	1787	1524	1	15	9	10	7	1
843	1.8	16	166	0	981	1096	3673	5	12	6	1	20	3
598	2.3	21	196	7	680	1173	3293	2	8	10	4	7	2
972	2.7	5	126	1	687	816	3035	4	12	2	7	19	2
1944	0.5	36	197	5	1060	1970	584	6	17	18	14	13	1
1225	0.7	2	138	0	217	1101	2675	7	12	1	11	15	2
644	1.3	30	114	7	1140	1654	2382	1	9	16	0	19	2
1919	1.5	48	150	5	304	1191	1391	4	19	6	13	12	1
501	2.3	54	131	12	504	1089	2346	4	13	19	12	2	1
1620	2.2	30	185	0	832	1033	606	3	6	3	0	18	0
1227	1.1	34	130	0	935	1781	1324	3	7	3	3	12	1
1359	0.5	58	107	1	446	901	1076	6	16	3	8	4	0
1914	0.7	35	118	1	942	1701	643	8	17	2	1	8	1
1645	1.8	21	123	1	897	1308	783	7	10	2	8	20	0
1063	1.1	26	101	0	1208	1232	3809	5	17	2	16	5	3
946	2.1	19	154	0	159	630	2104	8	7	0	4	16	1
1231	1.2	54	185	5	632	1184	1762	3	5	10	3	6	1
1397	2.9	9	87	13	1308	1991	3137	6	12	18	1	11	3
701	0.7	15	160	7	1002	1256	1756	3	6	11	3	17	1
570	0.5	9	111	2	1331	1917	3663	7	14	5	10	14	3
1993	0.5	27	147	10	150	510	2437	8	14	11	0	9	2
955	0.5	43	143	4	1248	1511	1432	5	12	8	9	9	1
924	0.5	47	167	0	108	1813	1620	8	17	6	15	12	1
600	0.5	14	112	0	320	747	1655	5	18	2	0	9	0
518	0.8	3	178	0	437	1947	2832	7	5	1	0	8	2
1063	2.5	31	95	0	295	935	961	6	16	10	6	5	0
920	0.5	46	149	2	1058	1421	2608	3	6	3	0	2	2
1715	1.9	3	171	4	79	1652	514	5	7	6	4	13	0
1841	1.3	14	167	6	593	672	2304	8	7	8	1	18	2
543	0.5	60	132	4	693	1031	933	5	14	7	0	5	0
1762	2.7	25	189	13	300	527	1896	1	14	14	10	20	1
1112	0.5	53	121	1	234	739	3655	4	7	16	3	20	3
709	2	35	136	0	1545	1596	1973	1	12	0	9	16	1
1315	2.6	64	128	7	59	575	3278	7	6	16	3	13	2
1762	2.5	15	107	10	1103	1364	2183	8	8	11	3	11	2
1462	1.7	25	182	1	91	1478	824	7	15	18	5	13	0
571	1.6	35	186	8	177	1282	2598	7	13	20	5	8	1
666	0.5	54	81	7	58	1353	1254	3	15	13	9	9	0
1994	1.5	7	146	2	447	1435	3622	8	7	7	0	20	3
1583	2.1	14	148	11	942	1651	1704	7	17	16	13	2	2
1778	1.4	45	132	3	88	516	1624	4	15	17	13	9	1
1926	1.1	50	179	13	371	1000	3809	6	17	17	12	17	3
966	0.6	50	117	9	1446	1754	2574	4	10	10	1	5	2
568	2	36	179	1	181	1703	950	3	17	4	9	9	0
1897	3	21	192	1	1311	1935	273	8	17	2	6	3	0
1695	0.5	46	200	6	1791	1898	446	3	16	9	13	15	1
1623	1.2	61	120	6	1568	1832	1510	7	12	12	10	17	2
914	0.5	26	147	0	706	721	1122	4	12	0	9	2	0
1721	0.5	33	128	4	871	1048	707	4	19	5	2	5	0
890	2.2	44	198	4	1074	1873	751	8	7	13	3	3	0
600	0.5	48	191	1	501	1465	3393	3	12	7	7	8	2
1677	1.8	11	124	4	271	1477	3771	6	15	8	6	12	3
723	0.5	3	168	0	920	1748	1851	4	15	3	3	16	1
638	1.7	27	102	11	1171	1383	2735	4	7	17	2	9	2
852	1	62	104	4	293	1159	2253	7	17	13	4	7	1
1979	1.6	32	165	0	833	1630	452	7	13	1	6	14	0
710	0.5	32	151	6	485	857	1419	5	12	9	11	18	0
1034	2.6	45	190	2	182	1293	969	3	15	4	1	7	0
600	2.5	22	145	8	207	1162	3441	1	19	11	1	5	2
1027	0.5	64	103	2	1698	1747	3786	2	17	7	12	12	3
1260	0.6	13	106	5	165	736	2710	6	13	6	1	8	2
1793	1.8	12	169	10	1086	1418	3533	6	16	17	14	15	3
675	2.3	60	144	10	192	757	1735	5	7	15	0	13	0
658	2.7	12	103	0	1156	1750	3587	7	14	3	11	20	3
1694	0.6	34	102	0	377	549	2298	7	17	7	5	2	2
804	0.8	41	89	12	709	818	2027	1	11	13	5	11	1
1713	2.5	27	127	1	729	974	2406	7	13	3	10	20	2
706	0.5	31	108	13	543	938	2419	3	8	19	7	4	1
1362	0.5	25	131	3	553	1505	995	7	7	9	6	18	0
1527	2.7	60	154	10	526	1116	2078	5	5	14	3	11	2
768	0.5	19	159	0	637	991	1145	2	19	1	1	7	0
1314	2.9	41	155	8	113	577	626	4	10	12	4	4	0
705	0.5	57	155	5	1114	1374	1509	6	15	9	11	18	1
1403	2.7	26	164	2	461	1251	3371	5	13	3	9	9	3
1486	2.6	52	85	7	1430	1747	297	4	13	15	1	15	0
781	1.1	38	198	2	304	1674	3508	5	13	7	8	5	3
986	1.5	23	183	1	471	800	2385	8	16	3	9	19	1
1310	1.4	33	105	0	806	1016	1301	1	13	14	12	19	1
560	2	57	81	6	80	1327	2167	3	11	12	10	7	1
1348	1.3	43	116	0	204	501	3914	5	10	6	3	8	3
1567	0.5	22	119	3	545	1621	2312	6	9	6	1	18	2
1940	0.9	17	93	4	112	858	2297	5	14	7	6	8	2
1979	2.9	19	176	0	1331	1532	411	3	8	9	2	2	0
561	2.1	2	193	7	1055	1294	665	3	10	13	0	4	0
1717	1.3	62	130	1	609	810	3226	1	6	3	4	5	3
535	1.5	48	113	1	290	811	740	1	11	4	10	18	0
1413	0.5	39	185	4	1039	1318	3878	5	19	12	16	4	3
1358	2.5	20	135	0	1485	1655	3406	7	5	0	1	11	3
1519	2.9	30	112	2	1122	1702	2440	7	9	8	5	10	2
1254	1.2	50	108	2	462	1013	3959	5	10	6	4	17	3
1591	2.2	49	154	3	1384	1883	3703	6	17	7	6	20	3
977	2.8	35	165	2	1502	1862	3714	2	19	15	3	10	3
1640	0.7	21	169	10	589	1301	337	7	16	14	3	5	0
663	0.8	25	183	0	82	1605	3176	2	6	1	2	2	2
1744	1	20	112	1	68	718	1205	8	18	3	7	14	1
1624	1.6	28	150	8	689	699	2473	2	16	10	11	2	2
1108	1.3	2	169	14	208	1742	1229	7	5	20	3	4	0
1188	1.4	9	114	0	1339	1558	2896	2	12	0	11	16	3
817	1.3	11	144	0	722	766	2039	3	11	11	6	19	1
863	1.6	6	133	5	717	1799	520	4	10	13	2	18	0
1397	2.4	3	121	5	433	1658	1378	3	18	15	15	4	1
1108	1	49	140	3	1298	1666	3254	5	12	12	0	16	3
1068	2	37	184	1	186	1998	1803	7	5	13	4	7	1
1702	2.3	52	145	12	1397	1491	2501	2	16	15	12	4	3
808	0.5	8	192	0	618	1891	3762	4	15	1	9	12	3
1156	0.5	61	89	6	1214	1262	1796	7	16	9	6	13	1
1271	0.5	54	159	2	613	650	990	8	14	3	11	6	0
696	0.5	51	197	6	649	907	2630	3	18	8	8	9	1
1981	1.9	45	175	13	193	1234	1380	6	10	18	1	13	1
614	1.7	58	128	0	22	519	3487	7	15	2	6	11	2
1590	0.6	7	122	0	1464	1595	1201	3	12	17	3	18	1
1945	1.6	21	113	4	280	895	3015	3	6	10	1	15	3
1135	2.8	43	158	9	690	1589	3204	1	18	11	13	6	3
1049	0.6	2	172	8	39	1564	433	6	10	10	7	6	0
1807	2.1	49	125	2	337	1384	1906	1	17	10	13	13	2
984	0.5	42	98	13	1036	1611	898	7	16	17	8	13	0
720	1.4	61	96	0	1347	1733	2799	7	5	8	3	15	3
1536	0.8	13	105	12	22	1634	2020	7	6	20	0	16	2
771	0.5	25	86	3	327	922	770	4	12	6	1	20	0
503	2.5	57	185	3	778	1291	305	6	11	11	8	16	0
675	2.4	42	187	1	482	874	2953	7	9	2	5	13	2
1936	1.9	34	182	13	591	1089	1671	7	6	14	1	9	1
1303	1	15	138	0	229	1604	2574	3	12	10	4	14	2
1004	2.9	35	141	0	901	1162	3772	6	17	9	8	18	3
1972	1.2	37	102	0	715	1648	2870	2	16	1	0	17	3
1822	1.2	8	195	0	172	910	2577	6	9	0	5	8	2
1159	2.8	18	83	5	681	723	2246	1	8	7	1	3	1
1782	2.8	58	157	6	867	999	2405	1	15	13	0	16	2
894	2.1	16	168	16	286	1300	3377	8	5	20	1	6	2
1884	2.1	43	185	7	451	819	3619	1	14	18	8	7	3
1648	0.5	17	142	1	1119	1238	1184	2	6	3	2	2	1
798	2.4	4	96	5	526	643	2965	3	15	9	7	14	2
802	2.4	45	157	1	1299	1633	3713	3	8	9	3	8	3
1276	2.9	53	130	2	217	735	3798	2	19	3	10	8	3
1331	1.6	16	165	0	1109	1226	1026	2	13	7	5	20	1
1620	2.6	5	186	6	434	1339	1086	6	18	18	14	13	1
1996	2.5	51	122	5	671	1445	2236	4	8	9	7	12	2
1092	2.7	45	185	8	1404	1424	1303	1	12	10	3	20	1
1018	0.7	63	155	7	856	883	3048	5	10	18	3	2	2
545	0.5	11	131	0	381	1452	616	3	15	1	6	19	0
554	1.3	12	105	0	85	806	3764	6	10	10	7	4	2
1264	2.9	34	171	2	562	849	419	3	7	3	4	3	0
1030	1.6	58	138	3	1111	1812	2858	6	6	20	2	18	3
1432	1.7	39	164	6	209	947	504	4	14	18	4	10	0
558	2.8	49	142	1	997	1605	392	5	10	4	5	8	0
829	0.5	56	129	0	91	1916	820	7	12	1	6	11	0
1741	1.8	14	143	0	730	1895	3387	8	11	0	3	3	3
1849	2.3	15	144	7	606	1123	3447	5	14	19	11	19	3
733	2.1	7	174	5	445	1409	1403	7	15	10	8	2	0
1872	0.9	16	80	0	286	1484	2295	2	15	2	11	16	2
1853	0.5	27	197	1	985	1005	1973	6	10	13	2	8	2
1149	2.2	30	106	4	1617	1675	3755	6	17	5	14	8	3
891	0.5	25	196	9	375	1724	2073	2	7	19	1	10	1
1911	2	64	163	7	1795	1958	3872	8	9	8	8	11	3
550	0.5	23	145	16	486	1930	302	2	18	17	5	8	0
576	0.8	27	121	0	757	1518	1519	2	18	4	6	8	1
1760	1.9	50	198	1	273	1704	2549	1	10	2	8	4	2
969	2.4	45	124	0	491	589	404	7	18	0	5	19	0
1160	1.1	63	166	1	762	859	595	3	18	2	4	15	0
827	1.1	18	160	2	448	821	1663	2	14	16	0	17	0
1786	0.5	58	161	9	231	1671	2764	7	9	10	3	7	3
774	0.6	8	136	2	1713	1865	2614	1	7	4	0	14	2
819	2.5	11	83	0	438	822	1094	8	10	1	5	15	0
1042	2.2	11	139	15	68	1018	2826	5	18	16	0	2	2
1368	3	50	97	10	698	829	2496	7	13	18	6	5	2
1592	2.1	50	181	6	510	522	2103	2	19	17	8	7	1
1067	1.8	14	146	11	965	1009	966	1	5	15	0	13	0
1892	0.7	47	110	5	1399	1564	2172	4	17	10	14	3	2
915	1.1	56	187	6	532	1448	905	8	19	17	10	12	0
774	2.8	55	124	7	8	896	3916	3	8	18	1	12	3
1848	1.4	42	179	2	154	605	3902	2	11	10	9	3	3
1501	1.1	2	187	12	198	1056	2487	1	13	15	12	16	2
1614	1.9	55	188	8	860	1330	3914	3	17	17	13	13	3
911	2.9	46	181	0	461	670	363	5	9	1	5	17	0
1520	0.5	24	199	1	109	1909	3233	5	13	8	3	4	3
1647	1.4	38	102	3	193	1185	2532	6	16	15	14	15	2
1347	0.9	53	108	8	961	1008	3836	6	15	15	3	14	3
967	1.6	25	92	4	243	1642	3076	8	7	9	4	18	2
1442	2.2	56	145	0	1626	1668	1513	5	11	3	8	7	2
1204	2.6	10	199	0	480	1482	1724	7	11	3	2	19	1
1320	2.1	41	144	0	123	1229	542	7	11	2	1	14	0
1800	0.7	8	100	2	400	823	3481	7	10	6	8	8	3
1567	2.1	22	153	3	190	1326	3991	3	15	19	2	10	3
1439	0.9	20	147	12	626	932	1790	1	19	17	12	15	1
1422	1	3	112	15	1	926	509	1	19	17	1	3	0
1591	2.2	52	161	4	548	1641	282	3	10	16	9	14	0
880	1.7	6	198	2	632	660	3006	4	6	19	4	3	2
1929	0.5	19	163	0	349	1051	1913	6	12	2	7	6	1
1642	1.6	5	102	0	1686	1889	1333	5	18	2	0	2	2
1511	2.5	21	114	3	1455	1982	3746	3	10	18	0	5	3
1312	1.3	10	163	5	95	893	3941	2	6	9	2	13	3
1852	1.4	10	196	4	580	1163	3970	1	13	18	1	11	3
972	1.3	44	82	8	297	589	3925	7	7	10	6	7	3
691	2.7	33	108	4	951	962	424	4	5	8	3	15	0
807	0.5	8	158	9	667	697	1284	5	17	20	13	2	0
1113	0.6	25	145	0	1047	1312	277	1	11	10	2	12	0
721	1.3	16	125	10	408	1862	1713	1	10	18	3	4	1
1188	1.5	54	198	0	1150	1469	485	6	12	2	7	7	0
1512	0.5	52	131	1	333	952	3002	1	6	14	5	7	2
805	0.7	64	97	0	641	704	418	4	11	14	6	17	0
918	0.9	8	123	1	653	671	1652	7	17	5	4	14	1
1320	0.5	48	168	7	103	1583	2893	5	8	16	5	9	2
1236	0.9	57	188	2	517	809	1406	1	14	14	12	20	0
1387	0.5	61	98	0	785	1151	629	3	5	0	3	11	0
1883	2.7	30	95	6	531	791	3724	2	16	10	15	20	3
839	2	14	175	0	564	1391	3835	7	15	3	8	11	3
1593	1	52	130	0	761	1336	1354	8	15	0	13	13	1
1722	1	25	88	7	1179	1638	2376	6	5	19	1	19	3
1954	0.6	7	126	8	673	690	3438	3	17	9	12	13	3
1788	0.5	2	150	15	472	1073	2655	6	12	20	2	4	2
1628	0.5	33	101	5	412	643	3361	6	16	8	10	13	3
1965	0.5	4	84	6	977	1660	3535	7	17	9	0	16	3
833	2.2	27	124	4	359	1395	2150	1	9	6	5	7	1
571	0.6	43	141	1	224	783	2587	3	7	8	5	18	1
1808	0.5	31	92	1	714	1208	2736	2	9	16	1	8	3
1860	0.5	55	83	2	195	799	676	6	15	3	0	4	0
1368	1.6	9	115	4	843	1145	2941	7	13	7	12	17	3
1161	1.3	21	126	0	308	1169	3336	8	6	12	4	14	3
1224	1.6	33	157	9	522	563	3796	1	10	18	5	13	3
902	0.6	63	122	0	364	1360	3654	5	18	14	8	15	3
787	0.5	11	93	15	806	1423	2934	1	8	16	6	14	2
854	0.5	30	125	2	518	1152	2889	8	5	5	2	11	2
1184	1.5	48	191	1	519	1577	3315	1	17	6	7	14	3
1973	1.6	39	152	5	792	1181	1993	4	9	6	0	5	2
510	1.7	35	120	3	382	1228	2509	3	17	6	2	11	1
966	2	34	118	8	214	1523	3534	2	18	10	17	11	3
1438	1.8	16	169	3	859	867	2246	8	14	7	11	15	2
1986	0.5	51	95	7	342	774	3165	3	5	9	0	13	3
1907	2	55	105	13	713	1513	286	7	14	15	4	17	0
1489	2.4	32	200	8	172	812	776	1	7	16	6	8	0
1843	1.8	16	134	13	118	580	3213	6	15	18	14	15	3
825	1.5	38	94	11	540	783	716	3	11	18	4	14	0
1286	2.3	16	98	10	18	662	424	2	10	18	5	4	0
840	0.6	63	137	0	987	1081	3486	7	12	19	8	18	3
757	2.3	58	163	5	535	697	3237	4	19	7	12	9	2
814	1.1	41	177	2	1092	1406	1944	2	16	10	6	12	1
1195	1.1	8	80	2	327	1001	643	6	14	6	2	19	0
767	0.8	10	107	7	517	1995	2317	4	6	12	0	12	2
1068	1.3	52	97	6	994	1500	1436	8	16	7	1	15	1
994	2.8	56	173	0	491	530	3190	3	5	3	2	20	2
1550	2.5	21	133	6	268	832	2338	2	16	11	1	15	2
1878	0.5	29	85	9	210	1026	1334	8	18	19	7	2	1
623	2	6	127	2	144	672	3657	3	17	4	3	19	2
1829	0.5	15	160	0	729	1267	2080	5	16	7	11	12	2
525	2.4	35	190	11	82	670	1609	7	16	20	11	3	0
1065	0.5	14	89	0	188	928	3078	2	10	2	1	18	2
1425	1.2	35	127	9	150	1897	590	8	13	14	2	6	0
1296	1.4	11	129	3	1222	1382	2552	7	19	4	8	10	2
642	2.8	34	197	3	331	1011	3355	2	12	15	5	13	2
1664	2.9	15	177	9	1178	1929	1968	7	12	19	7	9	2
1498	0.7	8	170	3	347	1076	3358	7	7	4	3	19	3
981	1.9	2	136	0	75	688	1539	3	19	7	12	19	0
1236	2.8	32	143	6	492	1403	942	4	16	18	12	14	0
1673	2.8	9	187	7	65	734	3669	3	9	10	1	10	3
712	1.6	9	172	6	881	1234	3612	2	13	14	5	4	3
569	0.5	4	170	10	351	1159	2351	3	8	19	7	10	1
603	0.7	64	156	0	1842	1968	604	6	10	0	4	8	0
1332	0.8	11	187	2	758	1165	1285	2	5	4	0	9	1
1413	0.6	13	128	0	1323	1481	515	1	5	0	0	18	0
1064	2.9	34	184	1	1175	1569	654	6	16	13	13	6	0
1444	0.6	48	82	2	1092	1554	2540	5	17	17	2	15	3
1366	1.7	53	161	5	647	1876	3869	5	17	9	5	14	3
906	2.1	18	136	7	1102	1793	3412	2	13	11	8	16	3
1554	2.7	47	185	3	319	1367	509	5	12	12	3	19	0
1187	2.3	21	122	0	215	1125	2547	6	10	6	3	5	2
1156	2.7	30	173	1	945	1913	2735	3	16	16	15	13	2
1918	2.8	22	139	1	381	1203	1369	1	9	5	6	6	1
841	0.5	39	199	8	546	828	2942	6	11	13	5	16	2
730	1.3	6	167	6	1096	1155	2812	7	10	10	1	17	2
878	1.3	31	153	13	575	618	3497	4	9	18	7	11	2
1059	0.5	50	182	0	519	1545	619	8	5	1	3	18	0
1578	2.9	3	200	8	342	670	3483	1	17	20	4	16	3
1829	1.7	36	112	0	291	563	1475	5	11	1	4	7	1
1132	1	8	157	0	1091	1293	1950	1	11	4	2	6	1
1652	0.6	40	198	4	352	1084	3592	7	7	6	6	6	3
912	0.5	58	107	0	165	1723	3573	5	17	1	3	20	3
1181	2.3	61	116	12	385	831	2020	2	6	16	0	18	1
1497	0.7	32	92	5	1920	1933	1329	3	6	9	1	7	2
1790	2.3	49	100	3	396	1980	3568	3	6	11	2	18	3
1742	1.6	49	100	3	1134	1469	1947	1	5	9	4	6	2
1549	0.5	8	158	4	721	1514	1998	5	12	7	7	15	2
1372	2.7	34	193	7	687	937	725	4	11	17	3	20	0
1112	0.5	12	190	0	777	1119	3302	4	11	6	0	20	3
1005	0.5	46	133	0	176	1556	3884	8	17	17	0	20	3
783	1.7	27	150	9	458	1263	1185	6	15	11	4	6	0
1698	2.5	26	105	10	485	1819	1656	2	5	18	3	17	2
899	2.7	53	192	3	641	1638	2870	4	19	11	16	10	2
1062	1.5	45	151	3	798	1435	911	3	14	4	2	9	0
989	2	17	166	4	256	1394	3892	3	18	19	7	19	3
1983	1.2	27	125	6	370	1197	3897	1	12	11	10	10	3
1800	3	53	87	5	191	1108	656	1	14	12	10	18	0
1254	1.7	45	146	0	1571	1956	606	3	7	3	2	2	1
868	1.7	30	83	0	276	1026	1653	4	11	0	7	17	1
1205	0.5	12	175	3	573	614	860	4	14	6	1	14	0
1284	2.8	10	155	0	160	516	2197	2	16	14	2	9	1
626	0.7	23	187	2	90	1334	3458	2	7	9	5	11	2
1763	2.9	53	101	1	138	806	2066	4	12	20	9	17	1
694	1.8	36	193	15	983	1230	3676	4	12	20	8	5	3
1265	0.6	49	90	4	275	687	1518	1	16	5	11	8	1
816	0.5	14	198	4	149	558	1018	3	17	13	10	15	0
904	1.8	35	168	3	42	507	1360	3	15	4	12	11	0
979	0.5	5	164	0	793	1670	3449	7	5	2	2	14	3
1531	2	60	162	0	625	765	2524	6	13	1	11	7	2
934	2	30	182	2	521	1190	703	8	10	15	8	7	0
1624	2.6	58	200	0	1530	1744	1251	3	13	11	4	18	1
874	1.3	8	185	5	442	1248	582	1	6	20	4	15	0
1027	2.2	63	102	0	152	714	1732	5	8	4	5	13	1
1966	0.8	48	144	15	1242	1973	1252	1	6	16	4	19	2
1048	1.5	29	182	2	29	1670	2146	1	11	4	10	2	1
1496	1.9	38	126	13	501	506	1927	4	17	14	4	6	1
959	1.7	13	155	15	87	736	3328	4	10	16	9	10	2
1349	2.2	55	105	5	648	1019	2462	7	15	7	7	17	2
1689	2.4	13	168	0	521	674	1172	2	12	9	11	17	0
1558	2.4	27	146	0	120	1409	3598	1	9	1	2	12	3
582	0.5	27	168	3	985	1420	2437	3	19	10	2	2	2
1485	2.8	44	138	3	341	774	3271	4	14	14	12	8	3
1991	1.8	9	94	11	751	1377	1511	3	17	12	8	9	1
553	0.5	23	119	2	993	1517	2981	3	7	3	3	14	2
1231	0.7	7	113	2	43	1663	3119	1	9	7	4	15	3
805	0.8	34	88	1	1262	1538	3647	6	18	2	11	9	3
764	1.2	13	152	1	361	511	3148	8	18	2	7	6	2
894	0.9	54	130	5	104	541	2829	3	11	15	5	13	2
1589	2.6	46	84	9	618	940	2373	3	11	16	9	20	2
1456	1.6	39	80	9	815	1666	3998	8	6	10	3	13	3
743	0.5	33	95	0	1587	1659	316	2	19	1	10	4	0
1061	2.1	52	109	3	138	1330	999	7	16	4	12	9	0
1428	1.6	7	153	0	584	983	1808	4	12	2	8	13	1
674	2.8	8	93	0	750	772	589	3	18	0	6	4	0
832	1.1	46	93	0	820	1366	3317	6	8	0	0	19	3
1625	0.5	50	107	2	8	1219	670	8	16	17	3	8	0
907	1.4	42	151	3	171	507	584	1	11	16	9	6	0
1631	0.5	13	166	2	960	1735	2173	2	12	16	3	8	2
1584	1.3	41	135	6	160	1291	1561	4	10	15	5	17	1
1382	0.5	13	199	7	612	719	2073	2	16	18	7	9	1
633	1.4	46	102	0	709	1915	1401	6	19	10	14	11	1
1444	2.1	38	104	9	624	917	3764	7	14	16	9	10	3
852	1.6	54	147	6	538	730	1275	5	13	7	7	12	0
922	0.7	47	157	0	1295	1808	1464	8	17	14	4	12	1
1745	1.5	57	159	4	1164	1908	2885	3	13	16	11	5	3
862	2.3	6	107	9	829	1977	3458	8	9	14	4	9	3
1754	2.1	52	101	1	199	1452	3019	4	11	3	6	19	3
1008	2.5	36	109	3	825	1972	1083	1	6	14	4	6	1
1569	0.5	33	147	3	519	930	3538	1	18	13	1	15	3
1596	2.9	7	149	7	169	1190	2493	2	14	9	12	13	2
1807	0.5	61	134	2	1734	1968	3726	6	8	6	5	15	3
1660	2.8	7	184	4	76	1165	1531	1	12	6	0	7	1
1861	0.9	55	148	4	1698	1877	601	7	7	8	5	4	1
648	1.9	8	91	4	819	1997	2991	5	8	19	7	4	2
1379	0.5	19	134	1	387	671	3912	8	11	17	2	19	3
1910	1.7	34	115	0	985	1284	309	2	8	0	4	10	0
1807	2	13	155	0	970	974	323	8	9	0	3	3	0
1923	0.5	46	191	7	767	1759	1489	1	10	10	9	3	1
1345	3	38	162	7	512	1465	1322	3	9	11	2	15	1
904	1.6	14	102	5	56	760	1846	8	7	9	0	3	1
1239	1.2	52	122	5	590	661	417	2	8	10	0	6	0
1330	0.9	52	84	6	462	1304	3269	4	19	12	6	8	3
516	0.7	30	138	1	126	698	3731	1	17	12	13	15	2
672	0.5	54	95	0	578	1143	667	4	17	11	8	14	0
892	0.5	47	94	0	655	1782	1241	1	12	18	3	9	1
1778	0.5	23	101	0	1028	1445	3941	6	19	11	6	13	3
1130	2.5	58	132	4	88	1261	1018	5	17	14	1	16	0
1359	0.6	59	86	4	1692	1902	3142	2	19	6	3	17	3
1866	2.5	47	89	3	358	1782	1444	5	7	9	4	20	1
1597	2.3	34	89	11	64	1667	934	1	16	14	10	9	0
1046	2.8	58	100	0	259	1040	3863	8	17	0	12	9	3
1035	0.6	44	99	2	236	1960	3506	3	14	3	5	12	3
1175	1.3	19	164	2	873	1394	1944	7	9	9	4	9	1
1261	0.5	11	90	0	858	1591	348	4	14	0	9	14	0
1068	0.7	51	124	9	1405	1910	550	4	12	15	8	6	0
1713	3	20	104	5	237	890	971	7	11	17	10	10	0
1688	2.5	21	170	0	650	864	3984	7	17	0	14	8	3
1413	0.5	45	104	4	1949	1994	2973	5	17	6	8	15	3
559	0.5	11	82	10	541	823	2019	5	10	14	4	16	1
1483	2.6	19	146	13	361	1552	1587	7	9	19	4	19	1
860	1.6	48	187	13	335	1463	1870	7	17	18	2	18	1
1090	1.3	27	91	5	1638	1910	1352	4	5	16	1	11	1
686	0.5	3	91	11	1109	1392	570	6	7	15	6	19	0
818	1.3	43	177	14	111	510	546	6	12	15	6	7	0
1456	1.6	49	193	5	1285	1427	3624	3	12	20	11	16	3
774	0.5	10	188	2	1480	1731	2944	2	8	9	6	2	2
1068	0.5	19	197	0	322	875	1209	8	19	9	12	12	0
1373	1.9	29	141	1	1220	1348	2752	6	15	12	2	7	3
1777	3	20	188	3	511	616	3868	6	5	5	1	7	3
594	0.8	28	132	2	1011	1263	3087	5	16	3	4	4	2
1524	2.6	57	124	5	629	635	947	2	11	12	4	16	0
511	0.6	50	175	12	140	622	1484	3	9	16	7	8	0
1402	0.6	46	87	3	1081	1767	347	7	17	12	0	12	0
965	0.5	53	131	15	297	653	3227	8	12	19	6	8	2
1270	2.3	58	104	0	1512	1716	3299	5	13	1	4	16	3
919	0.5	13	159	11	275	570	1028	1	8	15	4	17	0
1963	1	34	157	16	1136	1813	714	2	18	17	2	2	1
1977	1.3	31	173	2	1145	1356	2641	8	8	6	2	7	3
1881	2.2	51	158	4	477	1553	1229	5	12	7	0	14	1
683	0.7	19	173	5	954	1985	2622	4	16	17	3	5	2
772	2.6	6	100	7	741	1471	929	2	13	10	6	18	0
536	1.4	53	135	0	547	705	1211	3	15	0	10	7	0
1694	1.8	53	186	0	1194	1208	1653	6	7	0	5	6	2
1633	1.7	33	111	3	146	906	511	2	9	19	0	7	0
1371	0.5	52	167	4	471	663	3034	4	13	19	6	8	2
551	2.8	54	172	0	169	1916	1414	7	6	15	1	19	0
1221	0.5	28	139	1	1895	1976	2438	1	13	7	11	10	3
1000	0.5	63	179	12	1537	1761	3744	8	11	18	1	7	3
1986	2.7	64	162	3	236	1520	1377	4	5	20	3	15	1
1119	0.5	23	164	0	821	915	3520	4	7	1	4	7	3
1699	0.5	59	97	1	466	1768	3796	4	17	3	10	12	3
1099	0.5	61	146	13	393	1096	1699	3	17	20	10	3	1
1576	2.6	58	90	7	400	631	336	3	14	16	8	13	0
950	0.5	55	156	9	774	843	1095	5	14	10	12	13	0
1081	2.5	49	99	13	284	519	325	3	9	17	1	6	0
606	2.5	53	146	1	465	1152	1223	4	19	2	12	7	0
502	1.5	37	199	7	705	1810	1649	2	6	12	1	14	1
957	0.7	4	160	0	38	1682	1898	2	12	0	4	3	1
1658	1.4	38	159	0	51	739	2609	5	12	0	11	19	2
1681	2.5	18	167	6	850	1005	2265	1	5	7	3	20	2
1983	0.5	43	87	3	349	676	2775	6	9	10	4	3	2
1753	1.2	12	113	8	387	1595	1445	7	17	17	16	12	1
1632	1.4	41	132	0	706	1623	2614	4	5	1	4	15	2
1949	1.4	57	145	7	951	1178	356	7	5	11	3	19	0
1696	1.7	13	97	1	179	772	523	3	5	2	0	4	0
688	2.5	57	131	0	426	1964	3745	7	17	3	1	4	3
1104	1.7	60	199	1	653	1413	1229	2	6	13	0	3	0
1122	2.8	28	184	0	1578	1963	1402	3	14	4	10	3	1
504	0.5	46	172	2	280	1795	2085	5	13	14	5	8	1
1154	0.5	14	156	12	251	1801	587	7	8	14	3	4	0
1727	2.1	63	85	2	1463	1992	2457	7	19	8	13	7	3
1674	2.8	52	89	0	1432	1649	2030	3	7	7	0	6	2
1948	2.8	18	135	5	477	571	816	2	16	14	2	3	0
1218	2.8	39	150	3	1122	1746	1667	7	10	14	0	12	1
531	1.1	63	189	10	145	1903	2958	7	17	14	1	19	2
1057	2.1	5	154	4	416	1055	3705	5	6	13	4	13	3
576	1.2	30	162	1	847	893	2800	8	11	5	6	16	2
1960	2.1	7	165	1	868	877	3773	7	11	9	9	6	3
673	1.7	22	88	3	594	1088	2050	1	7	5	2	17	1
718	0.7	21	88	0	518	830	1754	1	17	7	11	9	1
864	1.7	35	103	3	663	1805	1904	3	12	7	8	13	1
547	1.9	37	154	1	371	541	2705	5	17	4	3	10	1
623	0.9	3	102	1	1749	1781	3537	8	16	7	13	3	3
1793	0.7	27	154	11	586	722	1370	5	16	13	3	19	1
1720	0.7	19	137	0	409	646	1222	2	13	3	2	7	1
812	0.5	64	106	1	35	1309	3102	4	6	7	0	2	2
980	0.5	33	160	0	1008	1758	2268	6	7	0	5	4	2
643	1	18	187	9	442	1079	2648	8	7	12	5	18	1
1925	3	16	175	0	983	1087	2173	8	7	11	3	19	2
1408	2.5	32	151	3	875	982	3162	4	19	6	18	3	3
1522	0.7	28	124	4	952	1191	1368	1	14	5	5	17	1
587	2.5	51	111	16	244	1361	2746	1	10	17	4	7	2
1959	0.5	18	191	5	65	1055	619	6	7	20	4	8	0
1872	0.5	17	89	3	1749	1767	724	6	17	6	3	9	1
1043	0.5	42	111	7	716	1626	912	3	16	8	9	6	0
1809	0.5	23	123	6	433	1661	2784	6	12	19	6	20	3
1703	0.5	23	92	5	134	521	793	6	7	7	3	17	0
1095	0.5	45	197	4	179	1247	560	1	9	5	1	10	0
1414	2.6	27	137	1	804	1564	312	4	5	20	2	8	0
1659	2.5	41	88	2	787	1515	545	7	12	18	0	9	0
1540	0.7	60	197	1	704	822	1591	7	19	12	0	2	1
1342	1	31	86	0	991	1638	2746	7	15	1	5	10	3
1189	2.3	8	198	13	379	932	893	3	9	14	6	13	0
518	2.4	62	128	0	489	710	2514	6	16	0	12	7	1
1449	0.8	10	144	3	1518	1883	1032	1	10	12	0	8	1
516	1.1	39	91	0	855	1401	819	5	8	7	0	10	0
1569	0.8	59	111	8	1261	1383	3672	3	15	16	2	15	3
1312	0.8	24	156	0	115	1791	3833	6	14	0	13	17	3
1893	0.5	23	179	1	1203	1432	1482	8	15	3	7	17	2
1076	2.5	14	105	3	545	1300	2043	5	7	4	5	14	1
530	2.6	40	118	1	818	1090	1229	6	16	2	11	2	0
1044	2.8	33	129	7	42	1262	1816	4	17	13	16	15	1
1330	1.1	37	126	11	1103	1637	2166	7	10	20	1	4	2
1836	1.1	14	104	0	168	1068	2469	5	18	1	6	7	2
1741	0.5	55	140	1	719	755	2575	5	13	3	10	7	2
1869	2.6	30	152	0	163	874	1375	1	15	13	3	19	1
1331	0.5	55	146	8	1162	1531	1732	3	6	15	2	11	1
1655	0.5	4	105	6	626	1348	673	3	10	12	3	12	0
605	1.5	18	162	9	329	656	2301	2	15	14	9	8	1
1245	0.6	30	105	2	330	1434	2676	5	17	3	8	7	2
1709	0.8	58	136	8	956	1292	1781	2	18	10	3	17	2
846	2.6	58	123	0	1140	1983	2248	4	16	15	8	13	2
1403	2.5	62	90	3	217	1623	921	4	14	13	13	18	0
688	1.5	2	89	0	271	869	391	3	5	2	2	8	0
775	2.5	10	185	1	444	1555	1719	7	19	14	3	18	1
1154	2	35	159	6	1003	1827	3262	5	16	16	15	16	3
1375	0.5	35	194	2	227	772	1947	2	15	3	13	15	1
1827	0.8	61	130	4	253	1764	2693	7	8	9	3	7	3
1697	0.5	60	90	0	88	1046	441	4	15	0	1	11	0
741	1.5	14	178	1	334	594	1886	5	19	13	11	9	0
1672	0.5	32	174	13	1281	1896	1267	1	17	20	4	20	1
514	0.7	57	186	4	168	1320	687	3	6	7	0	20	0
1375	1.3	12	105	2	898	1687	2890	1	17	13	1	12	3
989	1.8	55	124	4	46	1069	1737	1	8	12	5	10	1
1510	2.5	47	138	11	118	1170	887	2	18	13	6	5	0
1266	2.6	18	86	1	1187	1595	398	7	16	2	8	3	0
1396	2.4	46	138	0	1191	1347	2389	7	7	1	3	15	2
808	2.3	45	161	3	526	1324	3431	1	15	9	6	13	3
1542	2.3	43	182	1	346	966	3601	2	14	11	4	16	3
745	0.6	35	102	5	89	1538	2459	8	14	10	1	16	1
1735	1.9	59	148	0	137	846	3230	6	6	0	1	9	3
586	0.5	57	188	1	1226	1389	3646	2	15	5	4	11	3
1341	2.1	36	107	0	473	574	2200	8	18	1	14	15	1
781	1.3	64	88	1	368	607	3862	2	17	7	10	9	3
501	0.5	22	174	14	239	1636	3077	6	17	20	3	17	2
1224	1.8	44	139	2	622	709	621	2	11	9	4	14	0
1970	1.6	58	80	11	654	882	2372	8	14	19	12	2	2
618	2.2	63	138	0	853	1781	2574	2	14	1	3	5	2
1537	2.9	46	158	11	686	1305	2857	4	17	17	14	2	3
1018	2.2	16	153	8	992	1433	3143	8	17	10	12	20	3
1545	1.3	35	173	15	115	1352	3197	5	14	20	9	6	3
1871	2.1	41	144	4	275	1966	2727	8	15	5	8	11	3
1729	2.1	12	186	1	461	1178	1519	1	9	6	4	5	1
680	2.1	9	131	9	1428	1500	2438	3	14	11	2	17	2
1106	1.9	54	107	4	614	1212	2674	3	9	9	3	9	2
635	0.6	50	97	1	193	989	2107	5	13	13	12	12	1
618	0.6	16	143	8	1105	1602	2262	1	16	14	15	4	2
1671	0.5	5	179	13	398	1263	815	8	16	18	6	10	0
1562	1.2	52	105	0	480	728	2829	7	13	9	10	3	2
1975	1.9	31	151	2	775	1607	3022	1	13	17	5	19	3
831	0.7	62	134	2	1482	1490	2573	8	16	9	12	18	2
1524	1.8	10	174	0	154	550	2678	4	16	1	5	13	2
1528	1.8	55	129	3	454	1762	1282	5	11	6	9	11	1
1447	2.5	9	155	2	737	1455	568	8	12	16	11	8	0
1344	1.5	14	190	1	419	556	2074	1	8	3	1	5	1
564	3	8	130	1	853	1737	2227	2	9	3	2	14	1
921	0.6	60	83	1	1211	1229	1080	2	10	3	0	6	0
1413	1.7	10	200	2	314	1606	2867	6	5	6	4	15	2
831	2.4	55	86	10	172	1239	1075	6	12	12	11	3	0
802	0.5	43	153	3	527	734	3063	5	17	6	13	4	2
1923	1.3	24	86	3	874	1264	2479	4	9	4	2	15	2
1193	3	56	196	10	674	864	2394	3	19	17	11	14	2
904	1.2	31	112	10	657	1014	2814	3	13	11	3	19	2
1285	2.4	51	140	1	475	500	2094	7	8	2	0	10	1
1635	2.6	2	182	0	1209	1411	2315	4	10	0	1	2	2
1923	1	14	154	5	15	525	2519	4	13	6	0	16	2
1851	1.9	12	198	3	293	1967	735	6	7	11	6	14	0
727	1.5	32	131	0	813	1377	1891	7	19	1	13	7	1
1396	1.5	44	118	0	173	1843	1386	6	7	1	1	8	1
877	1.3	46	135	9	457	652	3260	1	14	14	12	6	2
696	2.4	35	103	11	533	797	2022	3	14	13	11	4	1
1009	1	2	102	2	912	1043	1716	8	7	14	5	15	1
1526	1.1	38	116	2	798	1418	3317	5	7	6	1	8	3
987	2	20	192	1	412	565	1454	7	11	3	3	8	0
1414	2.2	49	101	0	130	887	2290	4	13	1	0	12	1
1732	0.8	61	172	2	201	656	3940	5	17	3	11	20	3
1587	0.5	50	148	0	299	874	461	8	17	15	4	4	0
1097	0.8	21	160	10	1277	1352	2219	7	15	15	6	12	2
504	2.8	40	178	0	626	1195	470	3	6	0	0	16	0
1159	2.7	28	80	13	378	751	2495	8	10	18	0	9	2
1910	1.4	29	146	0	333	639	2944	7	8	2	7	2	2
865	1.2	59	159	8	805	1804	2361	3	16	9	11	19	2
1930	2	16	186	11	1901	1920	1783	8	17	12	3	13	2
860	1.3	40	170	8	1573	1581	2832	3	13	13	7	20	2
1268	2.9	42	182	9	360	912	931	6	11	17	5	20	0
999	1.8	27	167	0	20	745	1344	4	17	1	10	5	0
622	0.7	9	127	0	98	511	3916	2	13	0	1	5	2
1250	1.4	44	182	8	703	1011	1882	7	14	20	1	14	1
763	0.5	51	104	9	273	1278	2865	5	11	12	6	9	2
1100	1.6	15	112	12	919	1344	757	8	12	14	2	16	0
815	2	51	85	4	982	1291	3469	6	5	12	4	6	3
618	0.5	57	88	2	879	896	2399	3	18	7	15	17	1
553	2.2	18	136	0	1287	1892	3300	2	12	1	10	20	3
673	2.2	3	84	2	1109	1247	2719	2	19	9	2	9	2
563	2	47	115	3	211	684	3012	7	14	12	4	15	2
1590	1.5	14	187	12	1058	1109	2836	4	6	15	5	4	3
1031	2.1	11	121	2	532	1247	2385	2	11	9	7	16	2
909	0.5	30	97	9	290	773	594	3	12	10	0	4	0
1880	0.5	7	104	0	890	1019	2968	4	9	1	0	3	3
1479	1.8	24	146	0	327	645	3762	6	12	0	10	5	3
1271	1.5	2	161	0	1260	1788	892	1	15	1	13	20	1
709	1.9	13	81	11	570	1422	467	8	17	15	11	5	0
1744	2.8	62	158	0	621	1558	345	1	10	0	6	14	0
1314	2.2	40	116	0	328	1858	3033	7	9	1	8	17	3
1136	0.5	9	150	0	1307	1767	2110	6	9	2	5	16	2
1039	2.7	56	125	11	497	618	3105	8	14	13	8	5	2
1300	0.5	62	156	5	219	1037	874	6	15	7	3	10	0
732	2.3	39	188	7	1163	1554	3681	7	19	11	3	15	3
511	0.7	52	180	1	24	759	3865	2	8	10	3	7	2
1092	0.5	11	167	10	468	571	737	3	14	14	4	11	0
921	2.2	10	170	12	1272	1469	3153	7	8	18	2	11	3
1030	0.5	37	147	4	503	551	2800	1	8	8	6	12	2
1130	1.8	27	101	0	1495	1579	315	1	14	8	5	11	0
1299	2.8	60	187	2	1333	1838	1412	8	13	6	1	20	1
1009	2.8	2	115	7	267	1841	2286	7	19	15	8	13	2
1735	1.8	34	140	16	149	876	2392	2	17	17	15	19	2
1129	2.8	49	185	0	1070	1079	1857	2	8	2	4	5	1
708	1.9	26	116	0	206	620	1419	7	10	1	6	16	0
894	0.7	58	123	2	158	747	3305	2	12	3	7	2	2
530	2.4	32	88	1	48	1012	959	6	17	20	7	6	0
1481	2	35	105	0	249	522	2635	3	17	0	16	4	2
1068	2.7	45	194	0	935	1499	1754	5	17	1	7	9	1
1487	0.5	57	84	6	140	768	2563	3	18	12	4	14	2
1524	2.5	41	96	11	184	740	1936	4	7	20	0	9	1
1093	1.9	22	196	2	238	807	1869	8	8	14	5	4	1
1816	1.6	50	186	0	800	1089	3637	5	11	2	7	16	3
627	1.8	20	142	2	211	507	896	3	17	8	6	14	0
989	0.7	51	132	13	670	804	2349	3	10	15	1	20	1
1895	0.5	5	134	2	725	1335	774	1	15	11	4	6	1
805	1.7	58	168	0	81	1544	3397	3	7	10	6	2	2
713	1.6	2	181	7	1211	1378	485	8	10	9	6	4	0
864	2.5	24	148	10	1362	1378	3964	4	13	15	8	12	3
1177	0.9	11	181	1	945	1923	1887	4	8	7	5	11	1
582	0.5	32	107	8	1043	1702	2977	3	6	11	1	20	2
1898	1.8	56	185	3	444	739	2114	7	10	4	5	19	2
1158	0.7	29	123	1	311	1796	1542	2	17	20	9	15	1
1451	0.5	57	181	5	812	1456	3038	8	15	12	7	18	3
1820	1.4	51	163	5	202	1884	2481	7	11	10	9	11	2
984	0.5	9	140	3	531	707	841	3	18	20	15	16	0
580	2.1	24	135	0	404	898	3565	4	12	5	11	8	2
1263	2	5	146	0	954	1609	1958	6	9	3	6	4	2
1237	0.5	27	87	2	274	603	2454	8	14	5	0	8	2
514	1.6	37	172	7	956	1723	3392	1	12	9	8	5	3
1515	2.6	56	184	0	1438	1593	262	3	14	1	4	20	0
721	0.5	6	194	6	1446	1988	530	4	8	9	4	8	0
603	2.5	35	126	3	692	1057	3703	3	13	16	1	9	3
1426	2.5	55	109	2	777	1032	2562	1	5	7	1	3	2
1820	1.7	64	161	0	1157	1951	574	1	10	3	2	18	1
1215	1	16	130	4	454	1473	2632	4	7	8	1	15	2
697	2.7	20	173	5	478	1477	259	2	12	6	6	4	0
717	0.5	10	198	4	217	1106	688	1	10	5	7	15	0
1348	2	36	145	5	468	741	2554	6	19	6	1	12	2
1164	2.6	61	88	0	1107	1656	3859	1	11	6	10	17	3
578	0.5	62	170	9	626	1134	2977	5	15	13	12	5	2
1971	0.5	40	186	0	485	922	571	7	8	19	7	17	0
1794	0.5	55	86	5	43	627	402	7	14	7	7	14	0
1558	2.5	32	114	2	322	1385	878	5	16	3	5	17	0
1597	0.9	4	85	4	880	1145	2130	1	8	19	3	15	2
1240	1.6	39	146	0	1511	1756	3260	2	13	9	1	17	3
1994	0.8	7	88	2	667	711	454	8	11	4	8	6	0
1221	2.3	35	152	7	765	1899	2638	7	19	19	16	14	2
989	1.6	24	156	11	614	679	2819	8	16	17	13	5	2
1180	1.2	50	144	5	925	1252	1464	4	7	20	3	20	1
718	2.8	59	113	10	1185	1387	1824	6	11	13	9	3	1
1670	1.6	47	139	0	1706	1886	876	8	16	15	0	5	1
534	2.5	21	164	1	347	1477	2706	7	7	9	5	18	2
1566	0.5	20	126	0	1603	1930	659	2	14	0	9	13	1
1935	0.5	29	124	0	806	860	455	5	9	9	2	6	0
504	2.8	54	163	2	1207	1539	2378	2	17	10	11	2	2
913	1.7	41	103	1	431	1144	2278	1	15	14	3	18	1
1317	1.8	43	113	2	179	613	3436	5	16	3	13	5	3
917	0.5	31	88	1	423	909	3424	6	19	2	2	13	3
712	2.5	49	99	1	1131	1743	401	6	5	3	0	10	0
1083	1	52	126	6	925	1469	681	2	19	20	18	19	0
1039	0.6	6	136	5	62	544	3212	6	15	8	7	7	2
1747	0.5	13	185	4	800	873	3105	6	7	12	1	10	3
1449	0.5	52	105	0	211	947	2036	6	5	0	1	10	1
1872	0.5	49	139	14	81	1389	3153	7	16	18	15	5	3
1796	1.6	7	101	5	667	798	1642	4	9	6	4	3	1
1097	1.4	60	181	0	405	519	509	1	15	17	12	12	0
1562	0.5	20	172	1	678	1676	3465	8	16	10	11	6	3
1433	2.3	27	153	8	1619	1651	3900	7	18	12	16	2	3
740	1.8	12	123	1	935	1147	1105	1	7	11	6	19	0
676	2.2	39	84	1	864	1011	2064	1	13	5	7	6	1
503	1.8	13	131	1	1495	1688	3117	1	19	4	6	9	3
1020	1.5	7	96	13	870	1613	1142	3	13	18	9	8	1
896	1	4	111	3	1379	1469	1060	1	12	4	10	4	1
1824	0.8	19	143	4	1055	1738	2381	2	14	5	1	5	2
1512	0.6	54	134	1	220	1838	3366	3	7	2	3	11	3
1053	2.9	42	126	7	419	1261	1339	6	17	17	0	14	0
1944	1.8	31	87	0	1111	1362	2560	4	7	10	3	8	3
1174	0.7	25	91	1	1097	1461	285	2	19	8	7	3	0
627	1.6	12	131	3	447	819	2476	7	17	17	1	10	1
1602	2.7	46	118	4	273	1062	1862	1	16	5	9	2	1
1733	1.5	6	170	4	590	997	3488	1	6	15	4	10	3
586	1.4	8	142	10	116	598	3178	8	9	14	7	10	2
1528	2.4	37	156	2	306	564	733	8	15	3	0	14	0
875	0.7	23	110	2	300	1316	756	7	14	7	5	6	0
1602	0.6	58	170	12	1259	1746	3622	1	17	13	2	17	3
1426	1.6	12	174	4	1573	1694	1277	5	14	16	9	5	1
1370	1.4	6	158	5	1392	1783	3703	6	13	8	10	11	3
609	0.5	10	81	4	113	1524	1905	6	16	6	3	18	1
840	1.2	15	178	5	526	1728	2636	6	12	8	2	6	2
991	2	12	158	2	1209	1678	2014	5	11	6	9	10	2
1724	1.8	9	100	0	655	828	3056	2	18	1	16	6	3
584	1.8	19	168	0	1123	1622	465	3	12	0	8	4	0
860	1.3	49	141	1	692	979	3869	6	16	13	14	20	3
1541	2.8	28	165	10	796	1052	1108	5	12	15	1	7	1
615	0.5	58	130	7	1021	1958	1906	5	14	8	5	5	1
912	2.8	46	84	6	995	1310	851	4	8	11	4	4	0
1278	1.2	60	172	10	1244	1504	3142	7	11	14	4	19	3
1365	0.6	31	125	0	293	970	1300	4	14	0	7	13	0
1702	1	36	177	7	1240	1931	1430	5	8	9	6	10	2
589	0.5	59	146	1	759	1858	362	8	16	4	10	6	0
1347	1.5	56	95	10	398	1528	2456	1	13	19	0	13	2
1644	2.8	44	137	0	358	791	2360	8	7	0	4	19	2
956	1.9	42	133	1	403	1614	3700	7	10	11	0	7	3
1089	1.4	2	153	10	211	1409	2620	7	7	20	5	13	2
871	0.6	52	178	2	194	1437	437	3	14	3	7	17	0
664	1.5	6	164	5	1076	1472	3774	2	11	19	5	18	3
1874	0.6	19	192	1	1238	1418	1218	2	15	9	10	17	1
1928	2.6	5	162	5	229	1004	696	5	14	16	12	15	0
888	2.6	33	198	2	327	1683	3407	2	12	17	1	20	3
1077	1.7	58	86	1	135	1892	3902	7	9	13	3	3	3
1023	2.3	30	80	5	5	1744	2086	8	10	7	0	19	1
1426	0.8	42	84	2	715	1163	1356	3	15	10	9	16	1
831	1.7	26	177	7	511	621	1704	5	6	11	5	20	0
1496	1.3	6	85	0	549	1383	3571	3	16	9	1	11	3
1433	2.3	5	129	2	420	784	2132	5	18	11	15	19	1
1095	2.6	44	103	0	838	1066	3209	4	13	5	11	8	3
643	0.7	23	156	3	314	1400	2096	1	13	9	6	2	1
1142	1.1	6	198	0	739	1766	1273	4	19	0	0	6	1
730	0.5	27	112	3	62	846	3623	5	9	10	4	15	2
1901	0.5	41	131	5	3	1662	368	2	5	17	1	12	0
1510	0.6	32	135	1	963	1520	854	3	8	8	2	10	1
1924	2.6	59	136	0	1438	1923	3646	6	10	0	9	16	3
1825	1.1	17	157	13	1621	1773	3130	4	12	18	4	2	3
1275	0.5	5	152	3	19	501	3784	1	13	9	4	4	3
987	2.3	17	124	9	887	1274	3885	7	11	17	0	14	3
1538	2.3	13	121	6	567	986	1494	7	18	7	10	12	1
1965	0.5	29	149	4	584	676	2973	5	11	13	1	20	3
808	1.9	20	185	7	496	974	1471	6	13	14	4	11	0
712	0.5	27	86	6	1245	1309	2001	2	11	11	10	12	1
1507	0.9	42	123	0	682	888	1486	5	15	0	3	19	1
912	0.7	47	182	3	724	794	1321	3	7	6	2	6	0
769	1.2	17	95	2	1384	1454	1877	8	18	4	2	11	1
948	2.3	22	173	14	257	1654	3499	5	11	20	7	19	3
507	1.9	39	142	0	17	1084	2124	1	6	0	0	12	1
1384	2.8	60	82	15	983	1210	1221	3	18	18	12	15	1
1766	1.3	29	194	1	439	1306	2316	8	19	20	2	6	2
1407	1.8	16	170	5	925	1206	1068	4	6	6	0	8	1
614	2.9	24	94	3	409	603	1930	4	13	7	12	4	1
1972	2.9	14	196	9	293	952	1316	7	8	18	1	8	1
1039	0.5	47	130	8	384	1878	1742	8	18	9	12	15	1
511	3	34	125	5	149	1285	3265	8	14	13	7	14	2
1811	2.5	5	98	4	447	568	2700	4	13	16	7	8	2
1159	1.5	36	104	3	717	1206	2115	4	8	8	7	18	2
1848	1.3	12	178	7	195	533	3915	2	9	19	7	8	3
1988	0.5	16	94	0	153	696	3144	8	16	1	2	14	3
1469	0.5	58	150	3	1699	1850	1571	7	17	8	16	2	2
1423	0.6	44	131	12	501	640	2253	5	10	13	8	9	1
1974	0.5	10	145	9	530	1496	1433	6	6	12	1	17	1
835	0.8	42	128	2	396	1378	2583	5	15	18	2	13	2
1429	0.6	42	151	8	670	1552	1817	5	6	9	1	16	1
947	0.5	51	144	1	193	887	2915	2	17	15	1	6	2
1446	2.8	18	178	0	351	1769	3340	8	8	1	0	16	3
1332	1.3	7	168	5	846	855	2790	7	19	19	11	10	2
1498	1.2	14	191	0	111	1167	577	4	14	1	12	12	0
1576	0.9	14	173	0	1213	1386	3220	2	17	4	2	6	3
1398	1.6	26	150	8	755	1284	3488	1	14	12	3	11	3
1885	2.4	14	92	12	1406	1517	1277	4	9	15	6	16	1
798	0.5	2	148	7	497	627	3593	2	14	15	9	3	2
1436	2.5	42	124	0	1826	1836	2736	8	12	1	5	19	3
1998	1.2	31	196	8	50	1356	2311	8	17	19	9	18	2
1321	1.3	63	109	0	817	941	1464	8	7	9	6	16	1
1021	1.3	9	192	7	901	1793	1355	2	6	12	1	14	1
1339	2.3	40	123	0	212	1269	2382	2	6	1	4	7	2
1210	1.6	57	111	9	329	1039	1886	4	16	20	0	17	1
1949	0.5	31	145	2	837	1182	832	5	7	9	3	19	1
882	0.7	28	151	9	248	884	751	6	19	16	11	8	0
1549	1.5	27	113	0	632	1162	436	5	10	7	8	11	0
1991	2.2	42	82	1	366	613	722	1	6	13	5	10	0
796	0.5	12	114	2	174	518	1075	1	7	8	3	2	0
1012	0.5	39	161	4	882	1195	2802	4	8	6	0	10	2
1318	1.9	11	188	0	688	1591	1780	2	12	15	10	2	1
1708	0.8	14	197	8	263	1345	1247	4	19	16	16	16	1
598	0.8	62	117	8	118	764	3066	8	11	9	2	19	2
541	2.3	51	200	4	1012	1226	403	8	11	17	2	12	0
818	0.5	23	192	2	586	1552	2518	5	19	17	12	3	2
1414	0.5	15	168	0	294	1233	1069	2	18	0	6	14	0
601	1.7	6	169	3	818	1827	2651	4	14	11	8	9	2
561	2.8	40	99	2	426	865	2974	7	15	6	12	19	2
1616	2.3	52	100	3	151	1133	657	5	7	8	3	2	0
1263	1.4	32	103	1	409	644	3372	2	18	2	13	10	3
1604	1.9	63	93	0	641	1156	1464	5	15	2	9	20	1
539	2	24	86	1	958	967	1326	4	7	2	4	3	0
1071	2.6	49	199	0	1328	1970	3393	4	6	5	5	7	3
826	0.5	57	135	0	354	530	323	2	17	0	3	7	0
771	2.9	62	106	2	1709	1781	1628	1	9	8	3	6	1
1811	2.9	33	132	0	1099	1553	2610	8	8	2	3	13	3
1842	2.2	56	179	7	783	1227	3721	4	16	10	11	4	3
1420	2.8	50	100	1	194	1393	763	8	17	8	1	17	0
1763	0.5	10	184	12	238	1893	792	3	17	19	12	13	0
1163	1.9	2	133	6	919	1076	1568	5	14	20	0	19	1
1805	0.5	29	182	0	758	891	1276	4	19	2	4	17	1
610	1.6	52	90	9	1039	1273	3472	4	10	19	4	12	3
1533	1.1	17	160	18	1054	1393	2520	4	8	20	2	11	2
1924	0.5	63	111	3	122	686	3423	2	13	10	3	19	3
1801	0.5	52	120	6	100	1708	258	6	14	10	8	9	0
1726	1.9	42	106	1	1221	1804	1868	5	16	3	7	6	2
794	2.5	14	197	15	312	1376	2171	3	19	19	8	18	1
1686	0.5	28	182	4	599	1073	780	5	11	8	10	5	0
1444	2.1	6	103	0	1274	1340	712	1	17	1	5	10	0
1004	1.6	30	160	0	62	581	1012	8	7	1	4	13	0
1242	2.4	28	166	8	315	1796	318	4	11	9	10	19	0
539	1.5	26	137	6	1123	1709	3948	6	18	8	11	15	3
717	1.1	14	99	2	1878	1981	629	8	16	6	15	20	0
1540	0.7	29	157	0	318	831	1161	7	11	1	8	5	0
672	0.5	35	99	7	574	1267	1403	8	16	17	7	6	0
1325	0.5	13	133	0	1353	1915	3707	4	19	8	3	18	3
950	0.5	55	124	6	86	1681	1305	8	6	7	5	4	0
948	1.5	18	119	6	340	1728	2926	4	17	7	13	9	2
1328	0.5	27	144	5	602	1156	2674	3	7	18	2	5	2
1447	0.5	40	184	3	963	1062	471	2	8	5	4	20	0
1973	0.5	21	95	3	127	507	1724	8	12	7	10	8	1
1731	2.3	60	171	18	142	1039	1220	4	9	20	3	20	1
1617	1.5	63	111	1	274	1079	2754	2	19	10	10	8	2
1791	0.5	33	110	1	371	682	594	5	17	4	8	16	0
851	2.3	54	101	7	788	1007	1005	2	12	9	2	14	0
856	1.9	14	115	0	395	1027	2439	1	6	7	3	12	1
714	0.5	30	145	1	643	1527	2302	4	12	2	10	10	1
951	0.5	15	81	6	854	935	1083	2	16	17	11	16	0
1303	2.1	10	109	6	1335	1873	2219	8	9	15	3	15	2
1550	2.7	32	126	2	1541	1619	1571	7	12	5	3	14	2
1759	1.4	15	101	10	382	1163	2107	4	18	13	5	16	2
1448	0.5	2	100	18	846	1144	593	5	9	19	4	18	0
1987	1.9	50	119	0	960	1925	857	8	12	18	4	6	1
908	2.1	44	95	1	154	941	3518	5	16	2	12	7	3
820	0.5	58	160	2	468	694	1284	4	17	4	7	17	0
904	2.7	19	147	4	1094	1496	545	6	19	7	18	16	0
667	1.3	6	149	4	272	870	3566	6	9	10	5	12	2
1109	2.1	34	173	1	165	1103	2821	1	13	4	5	17	2
1333	1.4	59	183	3	394	1301	3442	7	18	5	16	5	3
1352	2.4	6	92	5	629	1299	1309	6	12	9	1	14	1
1600	2.5	19	88	1	831	1713	1179	6	10	9	3	18	1
1454	1.4	37	80	8	903	910	1713	8	16	20	0	19	1
1489	2.1	9	169	0	923	1759	1663	3	9	1	3	14	1
1823	2.8	10	81	11	362	1250	1812	8	5	19	0	19	2
1581	1	41	172	9	693	850	1384	4	19	19	9	2	1
1672	1.7	44	172	1	1250	1435	1348	8	11	4	6	7	1
1283	0.7	27	80	0	1135	1923	3957	4	17	6	15	6	3
630	2	14	180	9	66	1448	1212	8	12	13	8	12	0
659	2.2	24	151	0	924	1877	3925	8	8	2	1	10	3
1811	0.5	32	115	0	204	1132	348	6	17	0	11	18	0
688	2.5	40	109	9	376	1957	1382	5	12	20	7	8	1
514	2.9	18	141	5	1083	1492	980	2	13	8	7	16	0
1933	2.8	16	154	1	229	1473	838	3	14	9	2	18	0
915	2	31	91	8	875	1316	378	3	11	20	6	9	0
1006	2.2	22	135	4	35	991	909	4	18	8	4	7	0
1134	0.9	13	92	2	18	903	3632	4	17	19	8	19	3
599	2.9	64	186	0	103	646	3396	8	5	1	3	7	2
973	0.5	53	196	5	105	588	1861	5	13	7	10	16	1
1180	2.5	27	90	0	168	540	348	6	7	1	5	19	0
1237	2.5	13	98	7	18	1004	2528	4	11	12	8	16	2
659	0.5	5	169	7	659	730	2190	8	16	10	10	16	1
1142	1.4	6	190	6	534	855	663	8	12	8	4	5	0
1002	2.7	11	185	16	285	512	961	6	10	18	7	19	0
1392	2.5	44	113	0	482	1098	1280	4	8	2	1	16	1
602	0.9	50	141	9	1571	1717	2189	8	7	18	5	16	2
1249	0.5	55	140	3	605	1193	531	3	18	8	10	13	0
531	0.5	12	121	0	158	1657	2331	4	18	3	12	20	1
1450	2.1	31	114	1	1573	1639	794	5	11	4	5	9	1
1342	2.8	50	173	1	127	620	2644	1	7	8	2	11	2
832	0.5	22	198	5	343	1431	1666	1	15	8	4	20	1
867	1.5	57	159	0	289	724	2157	4	8	0	6	18	1
1404	2.1	44	151	16	1703	1880	1196	1	10	20	6	5	1
840	0.9	33	150	6	1482	1591	2072	6	10	7	8	19	2
1368	0.5	42	91	10	907	925	1590	1	12	20	0	14	1
1927	0.9	11	190	3	491	1506	2916	8	16	12	11	18	3
1714	0.5	31	120	7	287	627	3707	2	5	10	1	19	3
1201	0.5	10	198	1	1151	1723	726	6	11	5	4	3	0
1796	2.3	44	184	4	1024	1363	3577	2	17	11	7	4	3
1147	0.8	28	158	11	1085	1134	2627	6	18	13	3	15	2
776	1.7	20	146	0	991	1803	685	4	15	9	11	7	0
510	2.6	33	110	0	1052	1897	1693	6	6	10	2	5	1
1045	1.2	40	175	3	1078	1564	2137	6	11	7	8	12	2
1497	0.9	10	153	4	98	977	3696	8	9	20	0	3	3
1425	0.6	33	89	0	396	1648	3771	3	10	2	3	9	3
726	2.2	40	94	0	323	978	1342	4	16	20	11	4	0
1576	2	20	148	0	410	1551	1379	3	17	0	1	16	1
714	2.1	11	197	5	1750	1857	1164	3	15	6	12	19	1
1595	1.9	63	88	1	1475	1988	908	1	18	20	13	6	1
541	1	10	127	0	1836	1873	1019	4	19	0	9	15	1
1617	2.6	29	113	14	283	676	3685	6	13	20	1	18	3
1154	1.1	5	98	2	539	1240	1470	1	12	13	0	12	1
1638	1	2	189	6	440	563	2299	1	19	11	9	9	2
1150	2.7	39	151	0	397	800	999	8	6	1	2	11	0
1254	2.3	44	149	0	204	1021	3011	1	7	10	4	12	2
1806	2	54	117	2	347	727	3142	1	13	11	0	6	3
603	1.5	12	114	8	1003	1284	1543	6	7	20	5	19	1
1834	2.1	40	99	7	0	1987	3692	4	13	11	0	16	3
520	2.3	31	145	0	264	519	2753	6	13	14	7	17	1
565	0.6	50	158	1	543	703	2156	2	13	8	6	6	1
1689	0.5	9	150	11	467	675	2637	5	8	15	4	3	2
742	2.3	21	104	0	875	925	331	8	11	1	8	7	0
1143	1.2	22	125	1	1116	1724	1214	3	12	6	5	16	1
761	0.5	3	196	9	1325	1945	2248	7	19	15	3	15	2
959	1.3	36	196	0	1313	1331	3073	5	19	14	1	8	3
772	1.2	8	134	7	552	1802	422	7	7	8	6	15	0
1015	0.8	12	102	5	335	679	2293	3	5	14	1	2	1
1824	1.9	2	103	9	50	1105	3958	1	12	14	2	19	3
1130	0.5	29	130	1	593	1327	432	1	6	14	1	10	0
1183	0.5	48	120	3	268	1010	1152	8	8	12	3	3	0
574	2	26	118	0	382	1364	1303	6	8	2	4	2	0
1472	3	20	169	4	443	892	797	2	6	6	1	11	0
1868	0.5	40	179	2	576	884	298	8	8	17	2	17	0
1375	2.9	20	147	2	596	679	3847	6	8	7	0	12	3
881	1	64	160	1	115	636	2110	3	18	6	9	6	1
1742	0.5	43	176	5	356	1407	1921	3	9	7	2	3	2
1225	0.7	60	107	6	10	1567	2423	2	17	15	11	6	2
1970	0.5	15	132	0	1399	1684	1658	2	15	0	9	20	2
1186	0.5	21	160	2	68	584	2361	8	17	4	8	7	1
1762	0.7	60	157	7	643	790	1380	4	14	10	5	14	1
1731	1.4	4	163	4	809	1988	3892	6	5	18	1	4	3
852	1.8	8	160	5	683	1349	315	5	7	9	6	20	0
848	1.5	36	151	4	56	527	2289	4	10	16	2	19	1
1575	2.5	11	185	0	492	818	2182	7	7	20	3	17	2
1554	2.8	23	105	7	699	1492	2184	6	13	18	9	20	2
1972	1.6	48	92	0	290	804	2872	8	7	2	2	11	3
827	0.6	35	87	9	23	826	2367	6	5	17	3	15	1
1063	1.5	3	155	7	394	849	1919	4	12	10	10	20	1
1695	2.3	34	84	1	713	1742	3296	5	17	10	6	14	3
1343	2.4	14	81	5	1063	1205	462	8	18	10	7	11	0
834	0.5	27	123	2	1421	1463	1591	1	11	16	9	20	1
595	2.6	20	122	0	623	816	1593	2	19	18	11	2	0
1081	1.9	42	101	13	83	816	2456	7	7	17	4	7	1
911	1.4	14	199	3	1563	1692	2933	4	16	4	3	11	3
844	2.2	22	197	1	777	1995	3154	7	14	2	11	7	3
1335	3	60	180	3	83	559	3615	2	5	4	2	9	3
1883	1.6	24	87	9	203	915	3563	1	17	16	10	3	3
1128	0.5	33	147	6	938	1226	1440	8	17	7	15	19	1
826	2.4	57	117	14	1077	1183	1907	2	15	17	14	5	1
1650	2.3	38	89	0	773	881	324	1	14	1	10	2	0
1162	1	50	104	0	332	866	1404	4	10	10	3	15	1
1517	2.5	8	169	2	570	1645	2738	4	18	18	16	12	2
963	0.5	60	156	1	742	821	2722	3	12	3	6	16	2
1837	1	12	103	5	1420	1539	2294	8	8	6	7	20	3
1028	2.8	30	193	1	1801	1923	1424	1	18	10	4	13	1
1831	2.2	55	189	4	1693	1790	1133	8	14	9	3	10	1
571	2	58	101	5	31	1536	555	6	19	11	10	11	0
1770	2.3	9	183	0	1098	1373	3785	6	13	5	10	14	3
970	1.3	59	84	5	1765	1786	3675	7	12	19	0	12	3
642	0.5	38	86	0	887	1775	435	5	9	10	2	2	0
622	1.9	11	193	12	760	1964	3183	8	5	14	0	4	2
600	1.8	6	199	9	486	1032	3495	2	17	15	4	7	2
1412	0.6	57	86	9	2	660	1853	3	15	10	10	18	1
733	0.8	16	138	7	202	1787	2648	4	12	12	0	19	2
1070	3	19	160	9	90	1614	2647	7	14	16	13	20	2
875	0.7	30	146	1	469	853	702	8	19	8	15	15	0
1994	0.7	5	189	5	86	1546	1836	2	12	7	11	18	2
823	1	18	182	9	1180	1350	3894	5	13	16	10	9	3
1908	0.5	30	111	9	140	1046	2944	2	19	19	17	17	3
790	0.5	44	89	7	1100	1437	3424	8	13	8	11	9	3
1330	1.8	40	177	1	194	892	2678	1	9	5	4	14	2
1660	0.5	15	100	2	440	569	2424	8	12	8	5	9	2
1776	2.2	20	82	2	1563	1803	2671	6	15	16	10	12	3
1611	0.5	27	199	4	163	1011	3078	1	15	10	2	6	2
1410	0.5	15	92	0	192	1311	2304	3	18	1	4	18	2
1772	1.6	45	159	17	837	1405	1146	2	6	18	1	17	1
1280	1.3	39	108	0	356	588	2335	7	6	1	4	2	1
1712	0.9	23	155	2	155	663	1422	7	5	19	0	15	1
1562	0.7	55	140	0	1032	1776	2096	8	15	1	3	3	2
891	1.9	18	153	1	40	1435	1303	6	17	3	16	4	0
1957	1.2	36	151	18	1194	1727	1115	2	16	19	2	18	1
1110	0.6	42	192	1	1179	1262	456	5	12	2	8	18	0
875	1.4	43	104	1	902	969	3396	8	14	3	2	18	3
1211	1.2	28	130	0	58	963	2750	2	6	3	1	14	2
769	0.5	54	112	12	1385	1780	941	4	15	19	8	20	0
671	2.9	2	95	7	614	1617	2278	6	13	19	4	2	2
1872	0.5	26	172	5	672	1088	2273	4	8	10	4	8	2
1076	2.3	14	191	0	1088	1718	2355	5	17	0	16	2	2
1325	1.9	50	146	2	499	695	2328	1	17	10	10	2	2
911	2.2	28	182	1	157	763	2638	2	8	2	4	13	1
1273	0.7	23	178	1	485	1399	558	6	8	14	5	13	0
1062	0.5	39	124	3	571	817	1345	4	16	4	0	11	0
1317	1.5	12	154	6	431	542	425	2	7	9	0	11	0
940	2.9	16	115	0	499	1090	2192	4	15	1	13	9	1
729	2	14	135	0	563	1055	3397	6	19	2	15	17	2
1494	2.4	3	93	6	944	1003	1208	7	14	17	13	17	1
1546	1.6	27	124	2	1138	1491	267	2	12	6	10	16	0
1253	0.7	34	113	0	161	647	3518	4	7	10	3	8	3
895	0.5	16	164	6	126	1575	3122	8	7	14	0	4	2
793	1.9	43	124	0	15	1196	1050	8	11	2	9	3	0
1628	1.8	56	136	11	500	1713	3358	2	17	13	11	12	3
625	2.7	42	138	2	203	1771	2929	8	10	3	4	17	2
1110	1.5	12	153	2	961	1950	624	8	9	5	7	15	0
999	1.7	49	132	6	608	1970	1598	1	7	17	0	8	1
1856	0.5	24	155	0	277	1155	2052	5	17	1	6	10	2
1715	2.6	15	120	9	114	1849	1249	6	16	20	2	4	1
1897	1.9	54	154	2	630	738	412	2	17	7	11	2	0
1202	2.4	19	122	0	404	1742	595	2	19	1	0	3	0
1171	1.7	19	167	2	248	755	263	7	6	19	5	8	0
964	2	22	86	0	225	1234	2577	8	17	0	16	5	2
1973	2.4	46	193	6	699	851	639	4	6	10	0	3	0
1992	0.6	2	141	11	649	895	3206	1	10	14	9	10	3
546	2.6	26	159	5	416	1658	1550	5	7	15	2	3	1
1093	0.5	31	171	1	1310	1420	1646	2	12	12	0	6	1
1880	2	35	200	11	930	1983	1930	4	17	14	7	15	2
1765	1.1	11	87	3	835	1175	3695	2	6	7	5	18	3
1640	0.5	36	87	1	664	1806	3235	8	6	11	1	10	3
1830	0.5	7	191	0	460	1583	2334	6	8	12	7	14	2
826	0.6	62	187	3	778	1615	1998	4	17	19	4	17	1
1864	2.2	7	142	0	225	1545	2258	1	10	2	1	10	2
586	0.6	42	121	16	785	1118	1869	7	12	17	2	7	1
1206	3	30	127	10	1581	1713	1825	3	7	13	1	4	2
832	0.5	5	165	1	9	1944	3946	5	12	2	5	14	3
848	2.8	8	103	1	7	1294	436	7	10	3	6	15	0
1851	2.9	53	112	0	174	1175	2678	6	6	2	0	8	2
1166	0.5	59	80	7	437	638	3887	1	8	11	6	7	3
1776	2.1	35	172	10	278	623	1813	4	16	16	13	20	1
1254	1.2	27	134	2	1288	1372	817	2	14	10	1	16	0
1494	1.6	24	101	4	979	1190	3614	1	15	17	12	9	3
984	2.2	39	119	0	56	1931	2013	8	11	18	7	16	1
1179	0.8	5	154	1	913	1429	543	5	8	17	7	18	0
513	1.9	27	174	8	282	710	3400	8	16	13	6	13	2
557	0.5	17	89	3	322	710	2623	6	17	4	16	16	1
744	1.7	33	105	0	1252	1963	2700	4	9	2	3	19	2
1129	0.8	21	116	9	1128	1702	1400	2	11	10	0	13	1
1148	2.3	58	170	0	606	688	3127	5	10	20	7	11	2
1793	2.7	44	175	12	655	1459	2803	5	19	17	9	6	3
1310	2.3	15	150	3	954	970	2518	5	18	11	17	5	2
1604	1.2	6	191	1	68	1042	3564	6	7	15	2	2	3
1676	1.6	37	145	2	134	1197	2515	1	14	3	8	4	2
1001	2.8	40	117	1	922	1836	3654	3	13	7	9	10	3
1086	2.7	24	135	0	1874	1976	3930	8	17	19	1	18	3
1986	0.5	39	89	7	251	599	3476	7	11	19	8	17	3
634	0.8	41	192	5	1362	1853	3242	1	18	12	11	4	3
502	0.8	52	82	7	281	1159	2666	6	5	8	4	20	2
1641	1.1	48	97	6	224	1994	1695	8	13	7	6	17	2
623	1.4	15	189	0	778	844	3510	3	14	1	4	18	2
962	1.1	17	161	3	546	1424	3438	8	14	20	3	20	3
1057	2.7	41	97	3	397	891	2033	4	16	10	9	2	1
1862	1.5	62	182	1	386	1046	1017	1	11	2	3	9	1
555	3	38	193	5	214	1970	1686	2	8	10	1	8	1
1000	2.7	58	135	1	461	833	862	5	7	12	0	20	0
841	0.5	11	81	6	125	675	957	5	6	14	5	11	0
865	2.9	16	89	5	335	1009	3494	4	13	12	3	14	3
999	2.6	56	165	11	342	1641	3083	4	8	13	4	11	2
1232	1.2	30	131	12	625	761	1656	6	8	14	4	15	1
1194	2.3	34	165	6	494	509	313	2	15	12	1	19	0
612	0.5	20	179	1	1145	1487	3282	8	16	6	2	18	3
1362	2.9	47	186	0	600	1042	3629	6	19	4	17	5	3
1469	1.7	44	169	11	484	711	1687	2	15	14	5	5	1
986	0.8	28	182	13	199	679	1149	4	8	20	7	18	0
1843	2.8	62	104	1	21	832	3899	3	5	7	4	6	3
1561	0.5	4	134	10	885	1811	1783	2	13	13	12	10	2
1695	0.5	47	189	2	308	1208	1629	5	8	13	6	11	1
667	2.6	8	185	3	1015	1947	2528	1	11	7	8	8	2
1768	2	2	88	0	1303	1814	3256	7	9	2	6	5	3
1269	2.8	41	180	16	406	1036	2341	8	10	17	9	16	2
1109	2.8	57	151	6	124	833	2785	1	15	12	10	16	2
936	0.5	14	164	14	150	1677	3761	3	13	17	1	12	3
1713	2	5	199	9	108	1963	1513	6	15	16	6	2	1
1175	1.7	45	167	1	90	557	2240	2	10	7	6	5	1
1940	1	5	194	0	588	1809	820	4	19	1	18	3	1
855	0.5	59	159	2	1028	1196	1875	2	16	3	8	8	1
771	0.5	33	157	0	776	1247	920	3	16	17	2	10	0
645	2.5	63	174	10	278	584	3615	4	18	14	8	13	2
1307	1.8	7	88	2	897	1103	1412	7	16	3	9	5	1
1948	2.9	5	136	4	651	700	361	1	6	13	1	10	0
1509	0.6	50	81	5	1010	1684	1540	4	12	8	8	3	1
626	2.8	11	109	3	737	1759	1077	2	6	9	1	4	0
1190	2	40	93	0	1399	1646	3610	5	13	1	7	9	3
1727	2.1	57	158	10	376	1288	512	6	5	18	2	6	0
1670	3	62	114	14	1117	1330	3024	8	6	20	0	20	3
1150	0.5	27	134	4	234	1947	1610	1	11	17	0	16	1
1208	2.9	16	175	5	691	1028	2201	1	17	19	16	12	1
1812	1.3	42	162	4	380	1550	3338	7	18	15	13	11	3
770	1.5	61	196	6	603	1483	3473	4	7	9	3	4	3
1559	1.3	10	114	10	117	681	2203	8	7	17	5	15	1
1902	0.5	13	155	10	766	877	940	4	14	11	10	15	1
1751	2.5	4	146	1	1499	1952	1155	8	19	9	14	12	1
1416	1.8	20	93	0	1175	1578	3872	4	10	0	2	7	3
1288	0.5	61	115	3	988	1503	1882	6	16	6	6	10	2
1003	2.9	16	119	16	190	1905	1798	8	16	19	7	10	1
1715	0.5	18	96	1	674	1375	2598	6	17	3	2	3	3
1967	0.5	46	199	0	518	1374	1567	1	15	7	2	7	1
962	1	2	125	14	1618	1916	1491	1	16	20	2	14	1
1487	1.5	42	120	5	857	989	2003	2	12	7	4	3	2
1569	1.6	54	190	4	371	665	3905	4	6	6	2	4	3
1146	3	57	111	5	73	583	291	5	19	10	9	11	0
1379	1.5	9	118	6	98	755	1693	8	11	13	4	18	1
1504	1.9	25	152	7	395	1853	1788	4	13	9	11	13	1
1945	1.2	26	112	3	1064	1540	3322	6	18	5	7	20	3
1630	2.8	32	80	0	712	1726	1751	6	12	1	10	20	2
1125	2.7	23	117	10	774	939	1641	1	14	14	8	12	1
614	0.7	51	178	4	1012	1040	2854	7	10	7	7	12	2
854	1	17	101	5	730	1148	3115	4	7	9	0	2	2
1470	1.7	45	121	6	777	1090	3259	1	10	9	1	14	3
1826	0.5	49	172	5	973	1633	1612	8	17	6	9	17	2
807	0.5	37	127	0	245	829	2319	4	5	0	4	4	1
1996	2.8	7	138	0	937	1083	1258	5	17	4	14	16	1
1083	2	41	158	3	937	1164	1543	5	18	5	3	10	1
1035	0.5	49	178	14	574	1171	3991	2	12	15	4	19	3
1521	1.6	62	143	5	678	1630	3555	1	5	9	2	19	3
1314	2.8	5	87	13	82	512	3411	4	17	18	16	18	3
535	1.9	24	190	5	398	1775	524	8	9	19	3	4	0
673	1.9	35	142	13	1096	1570	3541	6	18	14	17	4	3
1219	1.6	4	169	5	1419	1698	1998	6	9	7	2	4	2
1606	0.5	33	200	0	157	770	3437	5	11	0	1	2	3
1603	0.5	17	114	1	430	1207	1637	2	17	8	3	11	1
1958	0.5	52	153	6	1524	1848	3064	1	7	14	6	3	3
695	0.5	12	196	18	1649	1829	2855	2	16	19	13	7	2
1441	0.6	53	106	0	254	954	1393	1	9	12	4	4	1
1470	2.2	33	138	4	1790	1988	1633	7	18	10	4	4	2
1890	1.1	48	127	4	1438	1832	2392	4	10	5	4	15	3
1152	2.1	26	82	0	1304	1673	3284	2	15	0	2	8	3
1619	0.9	20	117	3	813	1180	464	6	7	9	5	16	0
1002	1.8	45	180	1	948	1007	1234	7	19	7	13	18	0
742	0.5	36	139	0	1161	1288	292	3	8	1	0	6	0
1306	2.1	33	174	2	867	1258	2521	3	6	9	5	16	2
1424	2.9	20	180	0	181	1199	2658	5	15	0	0	19	2
942	1.4	27	91	8	754	1532	587	4	6	9	3	13	0
1934	2.7	2	118	8	242	1127	2190	4	18	16	1	9	2
1290	1.4	35	110	19	405	742	879	4	16	20	2	8	0
930	2.1	54	80	0	1569	1763	1743	1	7	13	1	9	2
1699	0.5	21	156	16	105	1099	1181	4	16	20	0	18	1
1849	0.5	29	181	1	978	1986	3330	7	14	12	4	15	3
1922	0.5	42	153	15	725	1882	3564	8	12	16	1	17	3
548	1	56	146	0	657	1657	562	4	17	14	14	8	0
916	0.5	47	82	0	1147	1393	1659	4	11	1	10	11	1
1783	0.5	14	183	8	910	1566	1816	8	12	11	7	7	2
1083	1.4	49	156	2	295	503	1338	5	16	9	8	5	0
1698	2.8	7	131	10	26	508	2992	8	15	12	3	17	2
1969	0.8	7	85	5	332	764	315	8	16	20	7	7	0
869	1.9	2	197	0	519	533	3249	7	19	3	0	12	2
1337	2.7	5	200	0	161	1029	3242	4	10	1	1	20	2
637	0.8	28	194	2	1080	1289	2725	4	15	6	10	7	2
833	0.6	27	145	0	649	1290	586	4	19	2	8	19	0
1248	2.4	9	89	6	71	1686	2454	3	9	8	8	13	2
1174	0.9	30	147	7	744	1244	804	4	17	20	14	16	0
1831	2.3	44	148	3	437	1113	2460	7	10	14	5	18	2
1002	2.6	27	146	7	115	1111	1295	1	18	10	15	17	0
1010	2	8	139	2	547	957	2625	5	15	3	11	12	2
1117	0.5	21	177	2	495	1035	1999	2	15	19	9	2	1
990	2.7	15	153	3	1466	1717	2698	2	11	7	8	6	2
1564	1.4	26	129	5	117	1115	3742	6	13	16	3	13	3
1065	2.8	21	158	0	760	1722	1193	5	16	3	13	20	1
1982	1.1	24	129	12	764	1873	3511	7	16	16	14	15	3
1607	1.1	20	192	6	776	1005	885	2	11	8	1	14	0
1066	3	5	167	6	53	1504	1044	5	8	7	7	11	0
681	0.5	17	194	12	371	1702	2548	5	6	19	1	5	2
1163	2.1	19	132	0	728	818	2940	2	13	1	0	15	2
1285	0.8	11	199	4	1791	1896	3966	5	17	7	15	2	3
753	0.5	48	121	11	606	1316	3484	8	11	20	10	16	3
1779	2.6	5	90	2	1225	1717	1246	1	12	3	2	20	1
987	1.9	52	83	4	419	736	2757	3	17	8	12	15	2
511	0.9	24	136	15	367	1264	2378	3	18	18	3	4	1
1044	1.8	12	104	4	1230	1263	1794	6	18	5	7	19	1
1855	0.5	32	187	5	267	1161	3933	8	7	18	0	7	3
946	1.4	26	186	9	273	891	1637	6	7	10	3	6	0
657	1.9	21	110	2	705	1905	783	8	6	8	1	11	0
1673	1.6	42	182	2	214	679	3094	5	12	6	4	20	2
731	0.5	28	130	0	424	1032	1774	8	12	0	8	10	1
926	0.8	59	161	6	84	793	256	7	18	14	7	2	0
1261	0.5	52	86	3	605	1429	1365	2	9	9	3	16	1
618	1.1	45	188	11	1175	1586	2339	3	19	20	2	10	2
936	2.3	57	129	5	657	938	2049	2	12	6	8	5	1
1485	0.9	28	158	0	371	1023	3241	5	14	1	11	11	3
1339	0.5	21	80	10	833	1441	867	4	8	11	3	3	0
508	1.3	50	82	1	102	1195	2175	5	14	9	4	14	1
1938	0.5	44	121	5	1299	1935	3497	2	18	9	10	18	3
995	1.3	10	104	1	258	1889	609	4	11	3	3	5	0
1086	1.7	43	111	0	56	1150	3285	6	11	1	5	17	2
1322	2.3	35	157	1	443	708	3684	1	15	3	8	6	3
1864	1.9	57	181	2	1279	1793	3586	6	19	6	9	8	3
1944	0.5	26	92	1	313	712	2322	4	19	9	8	7	2
581	0.6	56	180	5	523	565	354	2	10	10	4	13	0
1020	0.7	27	128	3	919	1482	3204	4	18	4	1	9	3
1936	1.3	44	139	2	570	1021	1400	3	17	3	7	3	1
1329	1.7	23	198	5	380	682	2308	8	11	6	10	9	1
808	0.5	46	105	3	119	529	1082	8	15	15	5	10	0
994	1.2	40	164	4	296	839	3104	2	17	17	7	11	2
1811	2	22	82	3	358	614	2847	2	9	8	2	4	2
765	2.5	44	88	3	1364	1851	2256	8	6	11	1	19	2
993	2.3	16	106	0	424	1639	1113	7	14	13	1	6	0
1136	1.6	32	150	15	961	1030	3210	6	10	19	3	8	3
719	0.5	23	113	0	431	1727	3990	6	14	9	9	12	3
733	0.6	63	105	0	950	1739	984	7	17	10	4	9	0
1946	2.7	8	123	8	647	1849	3117	8	6	19	0	2	3
1230	1.6	48	111	0	1960	1963	1622	7	18	2	17	16	2
1577	1	64	105	0	116	1432	2967	3	7	7	3	7	3
1514	1.4	12	138	3	306	538	1037	3	15	4	3	15	0
579	2.5	7	89	3	808	1517	2908	8	12	10	4	11	2
574	3	30	126	1	94	1334	1167	2	5	3	3	19	0
1072	2.2	19	114	6	380	877	2715	8	15	16	9	16	2
843	1.3	16	119	1	593	732	1734	7	17	4	8	14	1
1492	1.5	11	85	5	1684	1746	2259	3	14	7	12	19	3
1807	2.9	16	125	0	1221	1415	2921	3	8	0	5	17	3
909	0.7	47	146	7	410	1643	1244	3	14	9	10	16	0
1876	1.3	64	98	9	600	1211	3132	3	17	19	0	2	3
1436	2.4	23	106	3	189	1411	2488	5	8	4	4	8	2
1251	0.5	29	133	10	308	591	1052	6	11	16	9	11	0
636	0.5	28	152	8	148	742	2927	2	15	15	6	3	2
1354	0.7	26	136	3	297	918	2090	4	5	6	1	13	1
930	0.5	34	190	3	1050	1726	2131	4	7	16	2	6	2
1830	1	47	117	7	1191	1882	3362	1	13	11	10	11	3
1424	0.5	23	80	16	1399	1663	1053	4	14	18	11	16	1
583	0.9	51	88	1	1658	1794	1799	8	16	2	9	7	1
648	0.5	54	109	9	1153	1817	3124	5	5	20	0	13	3
1203	0.5	11	109	0	35	510	1672	2	17	12	13	19	0
1777	2.2	15	100	0	553	874	1552	4	10	7	8	10	1
1299	2.8	64	83	0	46	908	1938	6	19	6	8	5	1
1494	1.9	47	129	2	207	1177	3202	2	13	9	1	14	3
527	0.7	53	128	4	67	1924	1302	1	13	11	7	13	0
793	2.8	64	179	1	818	1006	2296	4	12	2	0	5	1
873	0.5	8	152	6	1257	1411	575	7	15	9	8	7	0
722	1.1	12	93	12	138	1371	2359	6	13	20	6	3	1
1250	1.5	20	167	14	11	1020	3314	5	6	18	5	6	2
1358	1.7	60	147	0	889	1635	440	3	14	1	10	13	0
1035	1.9	11	173	8	831	1709	2002	6	17	10	8	5	1
1289	0.8	16	161	3	713	1854	3167	6	14	17	8	20	3
1445	2.2	37	82	2	527	1393	3480	2	17	6	16	17	3
1702	2.3	47	107	12	1284	1643	595	2	10	19	0	19	1
534	0.5	2	85	4	911	1220	2466	5	5	16	3	18	2
628	1.8	60	87	5	1047	1534	1337	6	12	6	7	14	1
713	1.4	53	98	4	123	1477	1462	1	19	17	18	13	0
1207	0.5	58	112	0	406	681	503	8	7	0	3	5	0
683	2.1	30	197	7	927	1135	2066	7	9	8	0	15	1
594	2.6	27	196	1	407	528	708	5	17	2	5	17	0
537	2	55	103	1	1041	1430	2029	7	10	2	5	12	1
1565	0.5	38	121	0	781	1364	308	5	19	1	17	7	0
1052	0.9	6	195	1	1191	1839	552	4	6	16	1	11	0
713	1.6	63	89	4	103	1760	2082	2	15	8	10	12	1
1766	0.5	16	141	1	125	1227	3314	5	9	7	7	17	3
584	1.7	19	199	1	919	1343	3996	4	12	4	9	17	3
1541	1.5	5	109	6	536	1656	1795	4	7	10	3	4	1
837	2.4	51	104	1	638	1831	594	5	16	15	6	20	0
935	0.5	58	155	3	639	1087	2473	5	10	12	4	9	2
665	0.7	31	185	0	496	1804	690	5	5	2	2	15	0
680	2.4	34	157	13	686	1418	3845	2	15	17	1	4	3
877	1.5	17	195	0	1064	1985	2004	7	11	0	8	9	1
1493	1.5	53	102	13	240	1414	2083	5	19	16	15	20	2
1762	0.6	26	83	3	525	704	2661	6	9	14	7	4	2
842	1.8	57	124	4	348	730	1903	3	8	10	4	14	1
925	2.1	56	196	9	1262	1520	2466	1	8	14	0	5	2
1692	2.1	2	106	4	1899	1904	3779	1	9	17	3	7	3
1576	2.2	5	139	8	258	789	3904	3	5	17	1	7	3
1065	1.7	48	162	4	1188	1948	265	6	8	8	0	12	0
958	1.6	60	200	9	730	751	1417	1	10	12	4	19	0
623	0.8	26	197	6	484	1238	1769	7	10	12	1	16	1
897	1.4	17	171	1	547	1852	2948	1	12	2	3	5	2
1110	1.5	41	152	4	800	1455	2572	3	16	16	5	16	2
616	2.2	21	150	3	347	513	3267	7	17	4	9	19	2
1680	1.2	37	168	6	679	1231	1459	4	15	7	3	2	1
1715	1.3	12	94	0	1224	1676	1633	8	15	6	10	5	2
983	0.6	45	130	0	948	1205	2052	4	5	11	3	6	1
720	0.9	14	165	12	366	1234	1086	4	14	14	7	3	0
1660	0.6	24	169	2	223	1777	2402	2	12	3	10	14	2
1564	1.5	42	108	1	1619	1962	3376	2	7	2	0	7	3
592	0.8	52	103	1	332	970	1507	7	5	10	0	4	0
969	1.8	44	158	2	167	909	641	3	9	7	1	8	0
1356	0.5	35	131	0	782	951	3451	1	5	19	2	17	3
504	1	14	189	8	881	1129	1607	7	15	9	0	10	0
1546	0.5	6	101	3	91	1317	3521	1	15	4	11	9	3
689	2.9	7	147	3	487	722	1241	2	9	6	0	16	0
1685	0.6	16	137	14	120	1429	881	7	6	15	3	17	0
1792	1	62	170	3	1626	1913	2563	7	18	8	14	15	3
1786	1.2	61	123	11	74	865	3033	3	14	14	11	17	3
1944	0.6	59	132	9	634	1079	769	7	19	10	13	3	0
1077	2.5	49	131	13	334	1079	3454	4	17	14	11	2	3
648	1.8	60	195	1	931	1811	819	4	10	4	3	4	0
1702	0.5	2	185	8	921	1351	435	6	12	19	9	3	0
1571	2.9	30	150	1	805	956	586	7	10	3	9	4	0
856	1.1	19	125	14	1057	1931	650	6	17	19	0	10	0
1786	2.6	14	115	6	616	912	3038	4	18	15	0	14	3
914	0.7	60	198	1	740	840	3736	5	14	4	8	5	3
1615	2.8	9	117	3	542	678	2948	1	8	13	3	3	2
649	1.4	19	190	4	344	1551	739	7	18	12	1	2	0
1646	2.5	25	200	3	211	1608	686	2	8	5	6	11	0
1189	1.9	7	164	5	79	615	841	2	13	20	10	11	0
1043	2.7	29	83	3	887	893	1183	8	5	17	3	8	0
1920	0.6	19	131	3	670	1152	3943	3	13	8	0	4	3
1220	2.8	54	109	1	383	1249	1037	7	6	20	4	15	0
1748	0.5	53	114	11	718	1109	2633	4	16	20	0	9	2
907	2.6	44	160	7	144	896	3911	3	13	12	6	8	3
1193	2.3	20	158	7	1442	1904	1958	7	7	13	5	2	2
1766	0.5	22	122	1	291	1318	3297	8	7	4	5	16	3
1278	1	24	170	7	1352	1775	3141	3	6	16	2	11	3
1234	1.7	17	174	8	209	725	3351	6	12	15	9	19	2
1961	1.5	55	100	10	861	1888	2355	7	14	20	7	6	3
1745	2.9	3	105	0	426	1629	1308	3	5	0	0	2	1
1442	0.6	27	127	1	266	642	991	5	14	8	8	7	0
1083	2.9	39	173	1	523	542	3248	8	8	2	6	6	2
868	0.9	5	137	5	40	1311	1519	4	13	7	0	2	0
864	1.6	53	88	0	262	1436	493	6	18	1	9	10	0
1142	1.2	2	114	0	623	769	1747	6	7	0	0	14	1
608	0.5	64	94	0	4	1351	2517	4	16	0	8	7	1
983	1.8	53	187	0	1001	1176	1389	1	17	4	8	8	1
1720	1.6	2	188	18	334	896	2522	5	10	20	5	2	2
1802	1.2	27	116	8	453	963	1885	5	10	16	9	7	2
591	2.1	16	196	18	952	1726	704	7	14	20	5	4	0
1205	2.7	10	163	5	321	1870	953	6	18	10	11	20	0
1369	1.7	28	108	3	1451	1469	3206	1	16	18	15	4	3
713	0.9	42	94	0	1048	1123	928	1	12	14	10	9	0
1082	2.3	2	101	11	398	724	2177	4	12	20	2	17	1
1719	2.1	52	187	0	417	520	2610	3	10	1	1	11	2
1544	2.4	12	186	18	470	844	489	7	9	20	4	2	0
1090	2.3	8	128	1	1217	1670	3839	8	17	8	3	11	3
1991	2.8	15	181	3	298	1037	1861	1	8	13	5	17	1
1367	2.9	56	176	4	36	642	299	2	6	6	2	10	0
1179	0.5	32	182	7	85	1451	340	2	16	12	5	16	0
721	2.7	15	102	1	655	1255	3606	5	10	18	0	5	3
1549	1.8	62	91	0	167	990	799	4	7	4	3	9	0
1349	2.1	46	134	3	212	623	2367	6	11	12	7	10	1
1799	1	30	123	1	617	1386	445	3	10	9	8	10	0
1075	0.5	11	122	2	271	1769	3927	1	8	16	3	7	3
684	0.9	63	157	3	159	1738	3756	5	17	9	5	12	3
1837	0.5	36	162	9	786	872	770	4	14	20	1	15	0
1619	1.9	21	138	2	46	562	1641	1	7	9	2	13	1
965	1.4	13	197	1	645	1275	2343	8	17	2	12	15	2
730	1.5	9	122	9	1371	1677	2787	4	10	15	8	7	2
1361	1.4	47	169	1	881	1382	2495	5	8	2	7	16	2
1494	1.6	45	158	3	449	790	3208	5	11	4	9	4	3
1027	0.8	18	146	7	338	534	1234	7	7	11	4	14	0
1807	0.8	38	97	0	1332	1814	1069	8	7	0	6	7	1
709	2.4	11	130	1	119	1531	3568	5	16	11	14	3	3
689	1.4	45	103	2	256	823	3585	5	10	11	1	10	3
955	0.5	2	155	2	428	1254	1974	4	14	10	1	18	1
1872	1.9	35	111	5	1546	1879	2419	3	15	14	5	19	3
1259	1.2	13	97	0	1210	1989	340	2	17	0	13	4	0
695	1.2	41	169	1	789	1211	2282	8	5	8	2	17	1
1969	1.2	63	132	9	390	756	298	4	10	11	1	10	0
759	2.5	39	162	3	110	1317	968	2	6	8	2	2	0
936	1	18	153	1	1330	1686	2391	3	12	18	6	3	2
1176	2.1	62	168	2	674	1455	1534	2	6	10	2	17	1
1802	2.7	10	101	0	253	590	696	7	14	9	7	3	0
772	1	23	97	0	317	1805	2782	7	7	11	0	17	2
1318	2.4	45	136	1	183	661	755	2	18	7	3	9	0
591	0.5	16	90	1	892	1603	3746	6	5	17	0	5	3
569	2.5	41	124	0	388	605	2651	1	17	1	7	4	1
764	1	45	124	9	52	539	1341	8	19	11	1	12	0
1056	2.1	37	101	8	914	979	2651	3	15	11	5	3	2
1982	1.6	12	80	2	287	593	1824	5	13	20	3	14	1
1830	0.5	14	160	5	773	1353	1905	6	16	6	3	19	2
1122	0.5	40	156	0	675	1163	1456	7	9	14	3	20	1
1023	0.7	63	153	2	367	1985	3155	7	11	8	10	7	3
1283	2.4	33	93	8	510	980	773	3	17	15	7	2	0
1602	1.6	35	99	0	1325	1800	1829	7	18	7	17	13	2
732	1.3	32	163	5	1661	1836	3883	8	12	7	2	5	3
1854	0.9	33	195	0	665	718	1675	1	14	0	12	9	1
718	1.6	30	93	1	662	997	1601	3	10	12	9	12	1
897	2	2	154	3	0	994	1958	8	7	10	5	7	1
1405	1.7	8	107	0	284	1036	2376	4	19	7	6	11	2
798	0.6	21	110	6	661	1951	1647	2	12	12	2	3	1
1035	2.7	40	157	1	757	1912	3548	5	14	15	4	5	3
1396	0.6	37	134	0	560	1177	2694	4	18	15	3	19	2
1749	0.5	49	178	7	470	775	2195	1	5	8	4	4	2
1588	2.5	4	148	12	146	822	2506	5	5	20	3	11	2
1600	0.5	16	94	1	1315	1710	2073	4	9	16	5	4	2
1522	2.2	21	162	4	533	1696	3767	6	15	11	9	16	3
1279	2.5	7	105	5	560	1633	1150	6	7	6	2	7	1
719	2.9	6	102	7	405	1141	841	6	9	8	1	2	0
544	0.5	7	129	2	227	610	1675	5	13	15	4	17	0
1007	2.9	21	185	5	479	831	1301	8	8	12	6	12	0
590	1.2	32	141	0	227	509	1817	6	10	1	0	6	0
1788	0.5	6	141	0	149	1022	2321	6	7	16	5	20	2
748	1.4	25	110	0	88	709	1974	7	17	14	5	13	1
757	0.9	64	157	4	114	819	3433	7	6	5	5	10	2
1561	1.6	27	174	1	662	874	1205	3	12	10	7	3	1
1327	2.8	23	89	10	441	1721	872	7	7	16	5	4	0
797	1.5	18	81	4	888	1466	2052	8	9	20	3	14	1
727	2.5	64	193	0	664	711	3654	1	9	9	1	16	3
686	2.7	36	194	0	64	745	1503	4	10	1	0	13	0
1515	2.1	24	176	4	747	1247	3104	5	6	6	5	20	3
555	0.5	17	163	2	956	1010	343	5	19	12	14	3	0
1589	0.6	5	112	0	776	1397	3430	5	7	2	5	19	3
1976	2.6	45	136	6	652	1933	2470	4	11	19	1	3	3
1884	1	24	149	3	1168	1179	1396	6	15	4	8	9	1
1063	2	27	86	0	201	582	2668	6	12	7	5	19	2
672	0.6	61	194	13	724	1127	1457	5	14	20	10	20	0
635	0.5	16	110	9	599	1299	2452	7	19	17	17	8	2
1906	1.9	55	113	3	3	629	1871	3	13	4	5	4	1
1753	0.7	40	191	4	1652	1983	1112	4	8	11	2	15	1
659	1.4	3	85	2	190	657	967	8	10	6	1	14	0
1583	1.2	14	148	0	1171	1673	2498	2	13	4	6	8	2
1783	2.9	42	104	2	1081	1979	387	6	14	8	5	3	1
1667	1	21	138	0	1211	1396	635	2	17	0	7	15	0
640	1.3	6	143	5	976	1353	2711	8	15	20	7	8	2
1913	1.8	29	111	0	675	742	2023	5	17	4	13	8	2
538	1.1	25	163	0	455	537	2215	7	9	7	3	17	1
1191	0.8	46	89	6	42	807	824	6	19	9	18	7	0
816	3	9	117	2	1196	1651	3851	1	10	3	3	14	3
915	0.5	33	199	9	503	986	2156	2	7	16	3	13	1
1157	0.8	27	88	7	1694	1798	2885	8	8	8	4	2	3
1201	0.5	10	99	2	306	558	495	7	15	7	6	14	0
1379	1.1	18	129	1	838	885	2358	2	10	16	5	15	2
1483	2.2	53	169	3	291	651	1744	5	6	11	3	10	1
1614	1.2	9	161	1	173	1219	1832	3	15	2	8	11	1
930	1	4	144	4	1017	1289	2016	8	13	10	10	16	1
1454	2.6	6	199	8	698	1018	1300	3	10	20	0	2	1
1784	1.6	41	164	4	610	1437	2313	6	14	20	1	11	2
1262	1.8	34	149	12	223	737	3248	5	13	16	3	4	2
797	2.2	37	144	0	206	1167	2216	7	9	2	5	6	1
1829	2.1	59	91	8	1457	1919	3142	5	16	15	6	5	3
1139	0.9	58	161	6	742	999	1850	2	9	11	4	8	1
618	1	13	80	9	591	724	1424	4	15	15	12	7	0
1547	2.9	57	114	2	347	957	1620	1	9	3	2	19	1
586	2.8	15	83	2	241	854	2592	3	12	11	8	3	1
1617	2.4	36	85	8	743	1426	296	1	5	9	3	7	0
1882	2	44	113	11	4	743	3579	8	19	19	8	20	3
674	2.9	21	198	1	576	1809	1180	3	6	4	3	4	0
1467	0.5	18	122	0	888	1099	3962	5	15	0	11	5	3
858	2.2	50	84	1	528	1416	3978	1	17	2	16	3	3
794	0.5	2	106	0	1222	1890	668	6	13	14	4	19	0
1965	2.6	39	187	0	915	1965	2032	4	11	3	10	16	2
1911	0.9	36	108	1	868	1632	3057	8	9	3	1	5	3
1512	0.9	46	145	4	336	670	869	5	18	5	10	19	0
510	2	45	168	5	483	754	3919	6	19	16	4	2	3
